b1	b2	bw1	bw2	e1	e2	ew1	ew2	seq1	seq2
645	636	128	127	797	771	163	157	13	3223
72	45	16	10	344	319	73	69	16	817
72	1228	16	253	294	1447	62	300	16	1059
570	896	120	196	967	1270	203	275	29	814
468	848	98	169	1068	1367	224	281	29	816
64	184	14	40	361	463	75	100	29	818
285	848	59	170	967	1468	203	298	29	1058
64	176	14	39	1068	1307	224	278	29	1060
1163	1	246	0	1392	201	294	44	29	1061
10	217	2	46	532	694	111	148	31	815
91	194	19	41	321	406	65	84	31	1059
459	1152	95	239	743	1422	159	300	31	10522
743	1	159	0	927	177	198	37	31	10523
730	586	143	125	866	701	171	149	38	1060
1304	963	262	207	1477	1119	300	242	38	1061
553	190	106	42	866	448	171	95	38	1061
400	277	86	49	724	558	153	107	39	1013
1	1119	0	242	136	1254	28	270	39	1061
884	364	187	77	1410	836	300	180	39	1335
1147	401	225	84	1318	576	260	120	40	1018
156	580	37	121	465	838	98	176	41	1018
44	220	9	47	430	696	91	149	42	1061
326	520	63	105	1467	1423	300	292	51	1042
42	1	8	0	1067	744	226	163	52	1043
1058	533	205	106	1222	693	240	141	86	1026
969	718	191	153	1220	953	245	205	88	1061
297	1	54	0	472	195	91	42	105	3807
1010	525	204	94	1428	1200	277	219	105	4929
297	1115	59	211	438	1259	88	241	149	13891
912	590	167	122	1135	818	208	163	150	816
908	1088	166	207	1135	1336	208	252	150	1056
673	186	121	37	1006	440	190	90	159	950
328	158	62	32	1459	986	300	209	160	10465
460	280	91	61	1022	764	211	168	163	817
822	1	170	0	1022	196	211	41	163	1063
1	10	0	2	352	375	75	79	164	1064
108	716	21	152	465	1025	99	221	166	1064
361	1090	74	233	742	1404	154	300	168	817
361	522	74	106	856	929	179	194	168	1063
599	1003	128	205	1068	1482	227	300	169	3223
1068	1	227	0	1319	253	278	52	169	3224
98	312	17	65	272	475	56	101	170	816
148	914	28	189	272	1034	56	216	170	1062
1130	880	239	192	1304	1049	273	225	171	817
1130	312	239	65	1304	481	273	98	171	1063
923	170	189	38	1452	503	300	109	172	1065
808	1011	165	217	1084	1248	223	268	174	1064
1251	1004	256	210	1397	1119	288	236	175	1063
1059	716	217	152	1419	1004	297	216	177	1064
1234	1	255	0	1385	149	290	34	177	1065
36	97	8	20	518	307	106	66	177	10560
543	312	113	65	830	585	172	121	178	816
516	874	107	181	981	1190	205	248	178	1062
68	792	13	163	589	1246	118	256	182	9753
218	1186	44	219	624	1594	125	300	183	7273
235	568	47	112	938	1291	185	261	184	5402
11	777	2	153	555	1291	115	261	185	5402
1141	446	218	87	1460	835	282	161	190	6006
1114	1143	227	236	1449	1432	294	295	195	1485
1114	4	219	1	1472	277	287	54	200	206
1045	318	206	66	1479	727	288	143	200	613
1038	1253	205	243	1354	1560	264	300	200	1046
1045	575	206	122	1433	983	279	198	200	11918
24	1271	5	242	281	1558	56	298	202	9973
1260	961	264	193	1453	1154	300	229	209	813
1260	1216	264	236	1453	1408	300	272	209	7527
1312	1	272	0	1437	166	300	37	210	814
119	67	22	14	372	175	75	39	216	814
119	382	22	72	372	490	75	97	216	1058
174	1388	37	264	367	1570	76	300	223	1252
367	1	76	0	778	384	161	82	223	1253
563	791	113	156	1037	1268	206	251	224	813
730	1216	148	236	1037	1522	206	294	224	7527
142	21	33	5	494	338	110	75	225	6881
714	337	141	72	1258	736	253	152	233	1062
689	1325	134	253	950	1482	182	282	241	539
863	331	167	74	1363	841	274	185	261	814
853	593	165	117	1251	1018	248	206	261	1058
29	562	5	117	443	967	92	205	262	815
388	1	80	0	702	319	147	69	266	817
777	1343	144	261	976	1531	185	299	285	4048
1232	142	240	30	1462	308	287	64	288	816
1232	977	240	201	1462	1120	287	231	288	1059
798	371	156	78	1254	707	253	150	290	1064
1185	1046	230	214	1422	1289	279	264	294	816
729	1	134	0	908	308	172	64	297	816
666	721	121	149	908	1120	172	231	297	1059
899	265	175	49	1223	518	236	95	313	1626
1223	1130	236	216	1559	1482	300	284	313	1626
1248	791	241	153	1559	1099	300	212	313	5527
104	9	19	2	558	467	111	95	314	1627
1	1099	0	212	443	1538	87	300	314	5527
690	7	135	1	1150	561	229	117	316	1487
1176	1080	233	227	1350	1255	269	264	316	1487
607	759	121	147	795	966	162	192	323	1031
722	209	144	41	1075	498	208	93	325	8193
738	690	141	135	922	878	176	172	327	1255
771	122	147	21	1023	275	197	52	327	1702
771	1289	147	256	998	1515	191	300	327	7228
450	1269	81	253	674	1492	128	300	327	12215
739	369	144	78	996	600	197	127	368	1054
895	1329	172	271	1023	1453	202	300	372	9404
1023	1	202	0	1509	488	300	97	372	9405
5	483	1	96	142	611	27	121	373	9405
1322	1062	258	216	1507	1273	298	261	377	1044
217	1343	39	261	416	1531	80	299	379	4048
967	225	183	46	1105	489	216	105	384	1253
1018	14	195	3	1474	461	295	101	384	6881
1046	822	216	160	1451	1180	300	234	397	11458
41	558	8	109	829	1150	173	232	397	11907
486	1340	96	267	649	1504	128	299	398	9683
392	342	76	61	914	1294	186	249	398	11764
1103	906	223	178	1447	1071	289	211	398	12932
487	447	99	83	1242	1058	251	204	405	636
553	1	109	0	720	124	145	28	408	4503
515	73	102	14	804	422	160	86	408	9648
38	727	6	140	151	936	30	184	409	833
1250	961	231	193	1558	1268	289	251	419	813
1250	1216	231	236	1558	1522	289	294	419	7527
1220	950	238	191	1368	1338	267	266	422	813
1367	527	261	105	1575	735	299	143	424	749
261	961	47	193	715	1268	137	251	424	813
1372	93	262	20	1575	297	299	58	424	1201
261	1216	47	236	715	1522	137	294	424	7527
514	6	102	1	1035	590	207	121	427	12678
1352	1316	265	261	1477	1485	293	298	428	105
332	1026	72	198	727	1395	156	274	429	975
1174	1066	244	212	1354	1292	280	256	429	1745
23	1202	4	239	154	1333	30	265	430	1745
750	1092	144	218	922	1317	179	263	432	635
750	730	144	143	922	955	179	188	432	1679
767	281	151	54	1525	1072	300	207	435	790
902	528	173	109	1487	1023	293	211	435	1075
47	1083	8	209	303	1323	61	258	436	790
1	899	0	186	275	1127	56	233	436	1075
225	6	44	1	459	230	88	43	438	1034
1019	1324	199	250	1249	1579	244	300	441	50
1328	10	260	2	1531	191	300	39	441	51
1286	434	247	92	1542	642	300	136	442	696
412	238	79	51	676	450	132	93	442	791
589	218	123	42	1264	900	262	182	447	721
926	7	177	1	1156	227	225	47	448	12811
1401	545	271	114	1559	693	299	142	448	12818
1035	519	191	101	1241	713	232	139	450	10917
531	377	104	76	1357	1000	266	196	451	1570
270	772	52	160	998	1258	197	259	451	12806
1008	919	199	164	1516	1421	299	263	451	12807
4	1421	1	263	186	1597	39	300	452	12807
125	367	21	72	375	613	71	121	458	29
388	776	74	161	691	1331	129	265	458	1426
635	525	117	104	1004	884	187	173	458	1427
393	1321	75	268	579	1496	108	300	458	7370
393	834	75	175	691	1073	129	221	458	11201
398	49	76	11	1004	513	187	100	458	12813
19	142	4	28	694	763	145	157	459	1489
720	236	151	49	1256	785	261	163	459	1490
1291	1077	270	209	1447	1229	300	238	459	1533
133	285	27	56	512	492	105	100	459	10974
681	881	142	173	1447	1420	300	280	459	12813
1	1229	0	238	347	1575	61	300	460	1533
347	1	61	0	1495	1370	292	269	460	1534
239	1	43	0	1495	1262	292	246	460	12814
22	1386	4	271	165	1529	33	300	461	1534
165	1	33	0	1511	918	294	182	461	1535
305	1221	58	240	949	1508	191	300	461	5407
608	972	122	207	959	1208	193	256	461	10528
47	1250	10	243	382	1541	75	300	461	12814
440	6	88	1	1511	677	294	132	461	12815
12	868	3	173	713	1515	142	300	462	1535
713	1	142	0	1434	746	277	140	462	1536
12	627	3	123	980	1529	193	300	462	12815
980	1	193	0	1506	530	292	100	462	12816
520	735	98	136	1102	1274	218	247	463	1722
1107	232	219	46	1493	523	299	106	463	1725
331	725	64	142	699	1069	136	209	464	1726
331	1	64	0	705	338	137	67	464	12817
1135	1084	238	220	1380	1287	292	264	466	12805
641	1310	127	269	747	1415	149	291	471	12805
225	7	44	1	452	238	91	50	473	12811
592	279	123	54	1441	1412	300	293	477	12808
33	1	7	0	909	1117	179	222	478	12809
1007	343	200	68	1470	1041	291	205	478	12817
1050	849	204	155	1360	1237	267	232	480	7515
1050	759	204	146	1381	1035	273	203	480	9894
1191	4	236	1	1516	264	300	54	482	12818
1	1123	0	226	395	1269	75	254	492	1568
43	1123	8	226	605	1505	119	299	494	1568
46	740	9	147	466	1156	96	231	496	4502
1150	1023	231	201	1463	1242	300	251	503	1464
601	47	120	9	1005	417	199	82	503	1550
601	200	120	39	1005	354	199	67	503	12960
1	1242	0	251	213	1452	38	290	504	1464
63	986	13	191	887	1573	165	300	505	1586
377	1160	78	235	539	1490	111	300	507	1740
539	1	111	0	1482	720	298	145	507	1741
112	711	23	143	278	881	56	177	508	1741
300	1	61	0	1007	516	206	108	508	1742
1219	878	249	170	1488	1091	300	210	508	1744
1	1091	0	210	586	1540	119	300	509	1744
586	1	119	0	954	352	192	69	509	1745
1114	1071	226	225	1468	1369	299	286	510	1525
13	244	2	47	890	1273	181	252	510	6119
1114	204	226	42	1468	501	299	103	510	11731
77	1	14	0	866	721	177	148	511	1526
5	506	1	104	489	995	100	203	511	11731
392	432	78	89	914	974	186	200	511	12674
1003	708	202	149	1332	1120	265	235	513	1410
18	261	3	54	1454	1462	299	300	514	1408
31	1	7	0	1467	1233	300	254	515	1409
999	692	202	131	1387	1013	286	202	515	13021
1	1233	0	254	219	1442	48	300	516	1409
219	1	48	0	1450	1130	300	238	516	1410
1	1130	0	238	501	1417	105	300	517	1410
501	1	105	0	897	400	190	85	517	1411
43	1061	9	220	796	1456	153	300	518	1485
796	1	153	0	1054	253	205	51	518	1486
21	792	4	165	299	1064	65	225	519	3269
981	1	189	0	1468	425	285	85	521	1469
235	781	49	166	939	1450	188	300	522	1411
939	1	188	0	1481	542	300	113	522	1412
257	888	50	180	520	1156	106	236	528	1478
692	1266	142	260	898	1473	182	300	528	1620
1155	204	226	41	1528	518	300	104	530	1518
1000	796	196	144	1528	1319	300	248	530	6849
990	611	199	115	1480	990	300	193	531	1522
1	12	0	2	376	465	73	90	531	6850
1	990	0	193	543	1502	111	300	532	1522
543	1	111	0	1236	704	247	137	532	1523
72	928	15	187	736	1476	149	300	533	1518
736	1	149	0	1168	332	241	70	533	1519
1	332	0	70	585	860	117	176	534	1519
1009	486	208	95	1441	943	300	191	535	1491
296	639	60	125	862	1235	178	249	535	1523
1021	982	210	197	1188	1122	246	227	535	10974
171	397	37	77	774	943	161	191	536	1517
810	246	169	51	1473	882	300	179	536	1521
1	882	0	179	570	1472	115	300	537	1521
570	1	115	0	909	336	179	63	537	1522
388	1007	78	206	850	1472	166	296	537	5451
388	1020	78	206	850	1502	166	298	537	6850
1	1253	0	247	265	1505	53	299	538	1530
268	1	54	0	1224	897	248	181	538	1531
679	1	137	0	819	140	167	30	538	12969
1101	1	214	0	1518	233	300	50	540	11825
1036	1007	198	193	1501	1528	293	300	541	11823
1	233	0	50	1173	1409	225	278	541	11825
1043	1172	210	222	1333	1455	267	278	551	12953
917	468	179	89	1268	579	253	111	552	12950
325	1	65	0	902	400	179	79	553	6642
1192	1139	219	223	1366	1312	257	262	554	12954
817	550	171	101	1460	1171	300	226	555	12949
463	1089	94	219	777	1366	157	276	556	1997
831	163	168	34	1355	572	272	116	556	12948
1	599	0	122	323	887	65	181	557	12948
161	817	31	153	359	998	71	190	558	12945
866	320	177	65	1016	467	207	94	558	12946
799	1194	150	242	1457	1467	282	300	559	12947
18	83	3	18	667	336	128	65	560	12948
1069	297	208	53	1560	1078	300	206	562	12945
213	501	39	101	733	1044	140	206	562	12946
1	1078	0	206	192	1253	34	236	563	12945
1168	80	229	15	1364	316	270	64	563	12946
872	87	167	18	1029	249	201	55	567	12947
248	334	50	69	520	505	102	101	569	12954
1297	915	234	181	1610	1170	300	233	571	12946
1111	555	223	119	1502	890	299	181	575	12947
6	897	1	182	189	1067	37	216	576	12947
1240	1060	248	216	1506	1332	300	270	577	12948
857	113	175	19	1045	301	214	58	578	1255
857	828	175	156	1471	1337	300	260	578	1687
514	769	95	148	983	1238	183	236	579	4988
1102	1278	202	251	1341	1515	251	299	579	11975
1347	1	252	0	1528	182	290	38	579	11976
3	858	1	165	480	1308	100	258	580	11975
492	182	102	38	616	306	129	65	580	11976
1028	1137	192	226	1356	1495	260	300	581	5005
1356	1	260	0	1571	216	300	40	581	5006
1028	973	192	194	1283	1142	245	230	581	5032
543	331	108	67	826	613	164	123	582	5005
1	216	0	40	559	777	111	152	582	5006
187	1219	37	235	475	1460	98	287	583	1254
675	58	136	11	1171	545	236	110	583	4996
1062	422	216	80	1359	677	280	133	588	5032
527	547	101	106	1476	1500	293	300	589	4998
31	977	5	186	240	1186	48	229	590	1254
504	1072	98	215	965	1515	187	300	590	4999
1	40	0	7	294	333	59	66	590	4999
965	1	187	0	1109	138	214	26	590	5000
1374	945	271	184	1526	1097	300	213	590	5034
124	425	23	85	310	612	62	124	591	5034
970	1257	190	229	1197	1469	238	275	591	5036
131	559	28	107	315	699	67	137	592	1255
894	762	184	140	1012	905	206	167	592	4977
1096	208	223	40	1466	571	300	115	592	4978
1219	1338	249	258	1431	1552	292	300	592	11974
95	183	19	35	476	753	94	147	593	4987
980	29	193	5	1422	536	283	107	593	4988
826	778	150	151	1272	1218	231	232	594	4987
6	532	1	106	717	1294	128	246	594	4988
1105	948	202	194	1556	1387	287	278	595	1781
1108	727	203	146	1623	1220	300	240	595	5009
1268	751	234	164	1463	1124	270	234	595	14549
220	626	44	138	558	868	107	185	596	14549
765	1027	144	193	894	1149	169	216	597	4944
765	1279	144	254	894	1401	169	277	597	4982
31	59	6	11	156	181	33	38	598	460
16	761	3	149	156	895	33	178	598	4982
190	27	39	4	790	961	161	196	598	4983
1247	144	250	24	1527	419	300	74	598	4986
848	310	171	64	1153	614	232	125	598	5009
16	1366	3	263	156	1501	33	292	598	5018
243	1126	50	214	387	1257	79	240	598	5193
297	49	55	10	1301	1150	259	232	599	4985
1	419	0	74	333	766	63	138	599	4986
901	589	176	118	1260	949	253	194	600	4984
448	1	91	0	715	268	146	56	602	5009
1321	127	256	24	1537	230	300	47	604	2239
700	1241	137	235	1014	1553	201	300	605	2064
1014	1	201	0	1506	244	300	48	605	2065
227	958	44	190	594	1373	117	270	605	4990
700	25	137	4	1486	824	296	167	605	4991
750	57	147	12	1506	413	300	84	605	4992
222	250	43	49	805	837	158	162	605	4994
7	850	1	172	156	998	33	203	606	4991
443	50	89	9	550	156	114	34	606	14010
1	1089	0	223	528	1470	99	294	608	4991
742	257	142	51	1102	779	210	150	608	4994
835	1129	164	230	1210	1500	234	300	609	5031
1210	1	234	0	1381	172	268	34	609	5032
911	1316	171	255	1122	1556	211	300	610	4994
151	425	29	85	885	896	166	174	610	5034
1361	853	263	172	1551	1040	300	209	611	5012
393	920	78	175	1099	1565	206	291	612	5000
1095	5	205	1	1269	150	239	30	612	5001
1269	994	239	197	1571	1299	300	259	612	5010
1	1040	0	209	155	1194	29	238	612	5012
1040	999	200	190	1374	1419	268	272	613	5003
1	1299	0	259	211	1510	41	300	613	5010
924	6	190	1	1299	574	260	110	614	5003
173	238	33	44	844	892	172	180	614	5004
676	1161	138	221	844	1330	172	255	614	5026
204	1018	40	204	633	1446	124	288	616	5002
633	1443	124	277	755	1564	147	300	616	5003
899	904	175	182	1072	1077	211	218	616	5004
755	1	147	0	895	141	174	27	616	5004
1072	470	211	87	1444	787	289	155	616	5007
783	114	153	20	1518	795	300	157	617	5011
453	525	86	106	783	859	153	173	617	5012
1255	838	245	160	1532	1208	300	235	618	5021
298	1255	60	262	486	1450	97	300	619	11817
486	1	97	0	1243	758	251	154	619	11818
46	758	9	154	668	1280	140	265	620	11818
884	272	178	57	1145	528	228	107	622	5012
439	908	88	179	985	1537	193	300	623	4997
985	1	193	0	1408	378	275	73	623	4998
526	995	106	201	817	1407	161	280	624	4985
233	8	47	2	984	760	193	150	624	6143
582	167	107	34	1389	1000	269	200	625	19
418	899	78	176	995	1545	189	300	625	5001
995	1	189	0	1433	445	278	89	625	5002
151	887	31	174	576	1261	107	240	626	5011
1333	1290	250	254	1584	1531	298	300	626	5012
1	12	0	2	751	779	144	150	627	5013
960	1271	185	241	1187	1516	225	284	627	5013
424	246	82	49	1530	1239	300	249	629	5008
1	1239	0	249	174	1409	36	284	630	5008
1320	623	236	127	1623	926	300	191	630	5025
756	41	137	7	1293	575	230	100	630	5035
1143	324	218	60	1532	680	300	135	631	612
1136	355	217	60	1442	611	282	114	631	1046
1	926	0	191	385	1308	77	268	631	5025
1	680	0	135	978	1476	199	300	632	612
978	1	199	0	1480	482	300	97	632	613
1230	1237	250	239	1480	1415	300	273	632	1046
112	618	24	116	883	1192	178	230	632	1046
1	959	0	192	557	1480	114	299	632	11917
660	1	135	0	1480	729	300	151	632	11918
1	482	0	97	225	702	42	138	633	613
1	1415	0	273	146	1560	27	300	633	1046
1	733	0	152	225	983	42	198	633	11918
276	1018	50	208	820	1377	166	284	634	614
316	992	59	199	820	1311	166	266	634	1049
524	209	106	40	1065	802	212	158	635	615
724	435	144	85	1065	760	212	151	635	1050
635	1	127	0	1020	605	204	115	635	1086
382	1	78	0	1271	811	256	165	636	614
270	1310	56	262	489	1496	101	300	636	1048
489	1	101	0	1265	667	255	133	636	1049
637	4	129	1	861	202	172	40	637	206
637	387	129	79	861	638	172	126	637	613
637	1329	129	257	850	1560	170	300	637	1046
637	638	129	134	861	919	172	186	637	11918
1	651	0	127	209	802	41	158	638	615
893	265	169	54	1059	450	201	91	641	613
893	523	169	110	1059	701	201	146	641	11918
1115	354	198	68	1604	843	300	170	642	12214
632	763	133	144	1350	1516	275	297	643	1700
1	843	0	170	561	1459	118	300	643	12214
561	1	118	0	1350	1212	275	241	643	12215
192	1224	37	244	461	1492	93	300	644	12215
461	1	93	0	1523	1065	299	206	644	12216
26	90	5	19	350	415	68	82	645	1701
1	1072	0	207	482	1554	92	299	645	12216
487	4	93	1	1196	640	227	124	645	12217
131	421	26	76	485	791	95	152	646	11046
94	1117	21	221	640	1503	127	294	647	11047
343	1	60	0	586	240	109	48	648	5008
258	614	44	124	586	943	109	188	648	11047
981	1351	201	273	1104	1474	228	300	649	11050
16	545	3	113	985	1183	202	241	649	11051
992	859	199	174	1465	1301	300	269	650	1024
1	1301	0	269	162	1466	30	298	651	1024
345	1341	66	254	464	1561	92	299	654	14462
528	1	97	0	683	157	125	29	656	11053
1102	1329	215	269	1246	1473	246	300	667	8188
1246	1	246	0	1419	147	279	29	667	8189
1102	1311	215	265	1269	1479	250	300	667	11049
1269	1	250	0	1529	684	300	137	667	11050
47	1398	9	274	197	1548	35	300	668	11053
197	1	35	0	485	244	90	45	668	11054
447	886	92	166	679	1170	137	222	669	928
1036	594	206	126	1503	843	299	176	669	1348
806	384	161	77	952	536	190	107	669	11050
447	360	92	67	679	616	137	117	669	11425
406	610	82	114	664	1161	133	228	670	11053
105	758	20	150	300	952	59	188	671	11049
1067	996	211	188	1320	1587	258	300	674	11048
640	410	129	78	890	661	175	125	674	11054
163	344	31	66	307	535	55	97	677	10832
627	757	127	145	1268	1250	252	235	678	6959
634	1191	128	224	1156	1567	231	300	678	7227
1156	1	231	0	1488	333	299	68	678	7228
596	693	114	138	701	799	137	161	679	506
1177	732	231	144	1323	878	259	172	679	1255
596	1046	114	206	1050	1498	208	300	679	1701
1050	1	208	0	1428	279	281	53	679	1702
220	1298	40	243	808	1464	159	277	679	6959
54	333	10	68	1399	1515	274	300	679	7228
1399	1	274	0	1518	119	300	26	679	7229
212	1227	39	229	454	1498	98	295	682	6892
1184	127	230	25	1550	439	300	85	682	6897
1233	1013	243	201	1463	1263	285	246	683	6923
317	694	62	127	693	1056	135	199	683	7172
56	362	9	69	380	689	75	135	683	7179
367	1026	70	188	628	1262	120	232	684	6915
1011	942	195	179	1262	1206	245	233	684	6926
1026	200	198	39	1283	618	249	119	684	7057
533	1	101	0	914	375	176	74	684	7061
92	634	19	124	379	1056	73	204	684	7198
942	1101	177	223	1161	1355	222	273	685	6895
1394	934	266	181	1589	1129	300	215	688	7270
1	1129	0	215	201	1556	38	298	689	7270
210	27	40	5	642	925	120	172	689	7271
608	1057	113	213	760	1197	143	241	689	7272
112	721	21	144	277	885	49	172	690	7049
496	1011	88	192	1178	1379	218	263	694	1898
43	1291	7	249	335	1583	58	300	694	10124
335	1	58	0	1467	1255	271	236	694	10125
1	140	0	28	1107	1210	220	243	695	10122
1008	1106	193	208	1488	1578	288	300	696	10117
1	69	0	12	297	363	58	70	697	10118
1145	104	215	20	1296	330	242	64	697	10121
639	1208	123	227	793	1417	150	264	697	10125
1098	1148	207	216	1296	1499	242	281	697	10126
780	93	148	16	1098	631	207	116	697	10126
1184	39	222	8	1603	614	299	110	697	10127
1	559	0	104	196	709	38	134	697	10128
530	1	102	0	796	267	153	51	698	10118
1	514	0	93	442	1623	84	298	698	10127
447	47	85	8	1307	1422	253	275	698	10128
138	604	27	116	639	1347	127	268	699	2240
745	597	147	111	1500	1328	300	255	699	10118
1206	1118	238	210	1545	1464	299	273	700	10125
1299	456	243	87	1596	772	300	149	701	2240
511	415	93	77	743	573	137	107	701	10128
1015	1	195	0	1521	514	292	100	702	1899
1	772	0	149	134	906	28	177	702	2240
407	1118	87	210	753	1521	147	283	702	10125
697	1	139	0	1117	534	214	98	702	10126
1242	77	240	14	1571	415	300	77	702	10128
938	288	185	52	1273	702	252	138	703	1782
1176	20	233	3	1342	218	265	40	703	10118
957	997	188	204	1431	1460	283	300	703	10120
1	415	0	77	305	863	62	165	703	10128
7	95	1	18	522	402	104	80	704	10121
16	1246	3	232	342	1556	68	294	704	10126
913	887	183	175	1062	1055	218	215	706	10077
536	1232	101	241	1228	1529	232	300	707	1471
135	331	26	66	513	837	97	165	707	1471
1228	1	232	0	1552	303	300	62	707	1472
1000	165	190	32	1552	698	300	138	707	11709
1027	21	203	4	1249	244	246	49	708	1471
1	303	0	62	216	513	43	104	708	1472
203	1062	40	206	708	1531	140	300	708	1538
414	1036	83	213	833	1449	165	295	708	5075
238	8	48	2	833	550	165	110	708	5079
1272	1271	251	260	1387	1385	273	282	708	5483
1027	672	203	138	1249	896	246	183	708	11136
1	698	0	138	216	908	43	180	708	11709
238	25	48	6	855	585	170	117	708	11770
126	1	23	0	405	270	80	56	710	2577
447	118	88	22	713	612	140	120	710	10078
945	607	186	118	1263	936	246	181	710	10102
73	750	11	137	225	920	38	168	711	10114
547	1	105	0	683	117	134	24	712	10087
722	412	143	85	1010	680	203	142	712	10104
111	1031	23	211	565	1492	110	300	713	10111
908	930	176	180	1523	1370	300	271	716	2158
1098	431	214	85	1193	526	235	106	716	2868
132	37	26	7	1520	1344	299	261	716	10095
951	676	188	130	1414	1591	275	300	717	10089
1423	7	277	1	1526	110	300	24	717	10090
1150	935	235	188	1253	1038	259	212	718	10094
195	252	37	49	678	850	139	172	718	10098
701	243	144	48	1294	797	268	164	718	10099
499	662	100	130	774	956	156	189	719	10083
219	1	43	0	429	540	85	104	719	10129
797	98	161	20	1190	487	240	98	719	10130
1324	199	254	39	1536	391	300	80	720	10111
590	1011	111	201	998	1426	195	288	720	10113
1012	1	198	0	1314	307	252	55	720	10114
6	395	1	81	264	641	57	134	721	10111
264	665	57	128	786	1213	162	236	721	10139
490	1102	96	215	758	1361	151	266	723	6323
460	675	90	136	751	989	149	200	723	10137
476	391	99	76	740	659	154	131	724	10077
1131	455	201	88	1563	825	289	164	725	14011
992	460	187	98	1546	1165	300	239	726	11447
190	99	32	23	565	451	103	87	726	14011
578	1336	119	255	713	1471	146	282	727	1856
67	953	13	180	231	1120	47	214	727	4282
67	3	13	1	523	460	108	98	727	11447
572	1133	118	212	729	1297	149	244	727	11491
1336	1431	238	265	1506	1601	273	300	746	12285
1506	1	273	0	1658	154	300	28	746	12286
1	154	0	28	192	345	39	67	747	12286
558	1307	107	239	801	1629	157	300	750	12268
801	1	157	0	1044	270	205	55	750	12269
611	973	120	191	1000	1359	196	266	756	12287
1399	256	271	47	1548	404	300	76	756	12288
1	404	0	76	308	712	65	142	757	12288
798	1310	156	250	1482	1592	287	300	758	12276
1	74	0	13	391	368	72	68	759	12277
1263	325	234	62	1598	660	295	123	759	12285
200	538	40	100	645	933	119	170	763	12268
918	129	171	27	1263	341	237	69	772	463
832	916	155	167	1267	1332	238	247	772	2178
961	881	179	156	1176	1095	218	195	772	12440
735	1464	145	274	851	1580	171	300	774	12439
914	875	183	149	1528	1490	300	266	774	12441
1	1490	0	266	217	1668	42	300	775	12441
1	705	0	150	175	842	35	179	777	10482
1242	469	240	82	1580	811	300	143	778	12440
384	55	74	10	518	189	98	34	778	12440
1281	114	249	22	1416	249	276	49	779	12442
1341	1088	252	225	1540	1332	293	276	781	10588
1341	316	252	65	1501	480	285	98	781	10589
230	177	47	35	377	320	76	63	782	10587
416	1334	83	268	555	1471	111	297	782	10587
1023	1264	195	249	1186	1424	228	284	783	10635
689	424	130	86	1011	687	193	137	783	10637
596	1100	119	222	773	1256	156	255	786	10612
540	1304	109	245	660	1424	134	270	788	138
592	714	117	148	821	940	160	190	789	1039
1	103	0	21	313	396	59	75	789	1078
1132	922	228	185	1339	1193	271	243	805	83
481	806	99	165	687	1227	142	257	805	1033
392	794	75	160	538	935	104	188	811	11898
1416	1	279	0	1529	114	300	21	821	1045
1	114	0	21	341	362	73	75	822	1045
873	978	174	203	1068	1227	216	257	827	1033
873	754	174	165	1068	1009	216	220	827	1043
1	740	0	134	222	868	45	160	829	85
460	349	81	69	613	489	114	99	859	1073
1	242	0	52	261	450	52	93	862	791
214	1341	32	254	345	1561	61	299	871	14462
1079	1281	215	252	1257	1449	252	288	882	6889
1	656	0	127	176	810	34	157	887	1354
268	866	47	162	689	1341	127	254	888	9748
1	1102	0	228	444	1464	87	300	891	1042
444	1	87	0	937	740	190	162	891	1043
488	1152	100	242	734	1393	159	300	895	1014
1136	627	224	123	1463	917	292	184	897	1017
943	115	189	22	1170	348	239	74	899	1018
771	453	156	97	1129	935	230	197	901	1335
1165	498	243	103	1437	769	300	161	902	1018
1	769	0	161	281	1193	57	253	903	1018
431	745	80	156	671	1055	127	214	910	826
431	657	80	131	671	969	127	190	910	1272
555	981	114	212	716	1125	148	244	917	955
1214	393	252	72	1337	518	273	94	917	1432
758	1	157	0	892	129	185	27	917	1500
236	1151	41	224	424	1297	80	254	918	1425
1168	143	244	27	1393	339	293	72	920	954
474	1101	92	232	1182	1424	235	300	921	1088
978	87	198	19	1165	290	241	65	923	12963
329	1228	69	236	491	1401	102	273	925	1429
37	671	8	129	289	1158	60	227	925	1436
515	317	107	66	628	421	131	88	925	10977
1108	1143	226	226	1285	1303	262	259	926	1514
1135	1	232	0	1285	153	262	31	926	6497
175	1342	34	270	320	1489	64	300	926	9851
95	915	18	180	446	1244	92	250	926	10244
1285	241	262	44	1414	366	287	68	926	10438
620	733	128	143	785	1153	162	230	926	12673
110	1231	21	251	381	1458	78	300	926	12675
113	291	22	59	446	586	92	124	926	12680
177	1369	34	270	306	1493	58	293	927	922
177	903	34	191	306	1030	58	214	927	10388
505	698	94	136	774	1034	145	200	927	11578
15	473	3	87	1100	1547	217	300	929	6504
1100	1	217	0	1217	119	241	25	929	6505
100	528	20	102	725	1099	143	215	934	952
439	665	92	140	608	838	127	176	937	956
1026	487	201	103	1463	826	297	181	945	762
1333	96	273	19	1459	214	300	45	946	1283
229	26	48	5	442	191	89	38	947	1543
993	1103	181	210	1318	1438	244	275	952	1772
541	449	96	89	744	693	138	140	953	1877
8	704	1	139	854	1548	163	300	953	3786
854	1	163	0	1380	565	267	112	953	3787
71	625	14	126	352	987	66	200	962	7681
628	438	120	79	884	672	163	117	968	13975
77	1020	16	202	645	1438	132	288	986	319
42	579	8	108	1056	1595	199	300	987	1078
1056	1	199	0	1579	503	300	97	987	1079
1	503	0	97	263	768	53	150	988	1079
312	657	63	116	696	1053	137	192	1001	173
10	432	1	87	340	1103	66	212	1002	176
1253	1167	243	217	1530	1527	296	288	1002	177
691	823	118	150	818	950	143	175	1004	182
823	1438	144	277	942	1561	166	300	1004	187
942	1	166	0	1282	305	232	58	1004	188
177	737	36	145	1002	1490	203	300	1024	13052
1002	1	203	0	1314	287	263	56	1024	13053
906	149	183	29	1314	468	263	93	1024	13055
351	12	66	2	977	483	199	99	1024	13066
1	548	0	117	107	654	21	138	1025	13068
736	1	139	0	1055	300	197	56	1025	13071
1264	1081	258	224	1404	1221	288	254	1026	13071
272	1	55	0	527	272	110	57	1027	13072
680	1318	128	256	898	1536	172	300	1028	3857
898	1	172	0	1269	373	241	68	1028	3858
1407	10	253	1	1632	221	300	45	1031	3855
1	221	0	45	165	395	35	82	1032	3855
1099	57	200	10	1621	888	300	172	1032	13166
1	888	0	172	135	1024	27	199	1033	13166
110	940	22	178	523	1453	107	278	1034	464
1062	1030	213	208	1237	1233	249	251	1034	1028
1116	1	223	0	1237	122	249	26	1034	3633
785	1041	172	210	988	1259	214	255	1037	1028
833	1	181	0	954	122	207	26	1037	3633
267	1096	48	221	404	1233	78	251	1039	1028
283	1	52	0	404	122	78	26	1039	3633
509	1035	95	195	1301	1519	247	290	1040	13167
886	216	163	45	1288	514	240	99	1041	13167
107	1	19	0	735	674	151	141	1042	13168
1221	881	251	181	1482	1150	300	231	1042	13168
1086	1	222	0	1225	139	252	30	1042	13169
1379	1	261	0	1590	212	300	40	1043	4204
109	706	23	147	285	881	57	181	1043	13168
1172	557	226	106	1586	917	300	172	1044	4075
1	212	0	40	1115	1395	215	267	1044	4204
1	917	0	172	482	1399	89	261	1045	4075
1	1170	0	219	202	1339	40	249	1046	4071
1112	707	231	137	1323	918	273	179	1046	4074
179	177	36	32	319	313	64	59	1046	4084
622	1	122	0	1108	380	218	75	1047	1900
33	918	7	179	702	1516	138	300	1047	4074
702	1	138	0	1254	553	243	105	1047	4075
1192	130	239	27	1511	435	300	87	1048	3610
1199	641	240	115	1511	928	300	172	1048	4073
1199	778	240	144	1511	1076	300	203	1048	8761
1	435	0	87	147	582	30	118	1049	3610
1	928	0	172	147	1063	30	199	1049	4073
1	1076	0	203	147	1222	30	233	1049	8761
394	463	76	91	1244	1310	240	254	1051	12482
969	100	176	22	1512	889	281	174	1052	12482
580	1088	105	211	861	1370	162	268	1053	12482
974	938	185	175	1306	1623	245	300	1053	12483
1284	1238	244	248	1515	1471	296	300	1063	12022
1024	1233	208	244	1314	1504	266	300	1064	10149
1314	1	266	0	1486	166	299	31	1064	10150
1	166	0	31	342	493	68	96	1065	10150
548	112	106	20	749	311	143	57	1065	12023
1356	275	253	58	1601	520	300	105	1067	12022
1	520	0	105	815	945	159	187	1068	12022
759	941	146	183	975	1108	185	213	1069	1255
1	1263	0	247	284	1546	53	300	1069	6763
288	5	54	1	1535	1313	300	257	1069	6764
454	864	90	167	568	976	114	190	1070	2156
1	1320	0	258	209	1524	44	300	1070	6764
209	1	44	0	1385	1166	267	220	1070	6765
1	21	0	4	1463	1004	300	206	1072	6768
390	1108	78	212	619	1345	129	264	1073	6676
1331	1385	264	244	1535	1589	300	280	1073	6734
100	1009	21	207	242	1151	50	236	1073	6768
25	272	4	45	145	392	25	66	1074	466
261	1058	47	199	527	1300	96	243	1074	6682
266	496	48	92	485	714	88	131	1074	6705
1186	208	229	43	1531	481	296	94	1074	6718
98	1048	18	214	261	1211	47	243	1074	6724
222	482	38	91	983	1597	180	300	1075	6723
983	1	180	0	1375	387	262	80	1075	6724
1390	369	265	68	1553	538	300	104	1075	6773
231	606	47	122	399	774	78	153	1076	6695
1234	483	245	92	1425	825	282	158	1076	6720
125	728	23	142	855	1513	171	300	1076	6774
855	1	171	0	1017	163	202	30	1076	6775
399	844	78	166	842	1021	168	203	1076	6809
264	1323	52	251	612	1572	120	300	1077	6685
459	1	90	0	766	205	150	40	1077	6686
69	520	14	105	1210	1508	237	300	1077	6782
1070	16	210	3	1519	459	300	91	1077	6783
766	516	150	95	1328	770	260	143	1077	6811
1	1	0	0	214	162	48	36	1078	6702
1168	810	231	166	1515	1139	298	230	1078	6714
1216	5	241	1	1504	266	296	51	1078	6776
305	91	65	17	1172	971	232	184	1078	6789
1	374	0	80	214	485	48	105	1078	6805
1375	27	268	6	1527	178	300	38	1079	6769
164	233	30	45	1319	1499	257	294	1079	6776
529	97	110	19	731	303	151	62	1080	6677
767	283	159	56	1372	813	276	162	1080	6744
1	178	0	38	522	747	109	156	1080	6769
1	1301	0	263	125	1486	26	300	1081	6744
125	1	26	0	255	132	51	26	1081	6745
1410	1317	245	250	1669	1571	295	300	1089	14312
1	24	0	5	736	758	148	153	1090	14313
1482	1270	269	256	1641	1428	300	287	1098	14313
1265	1071	236	208	1507	1313	277	249	1099	14312
72	1	13	0	1233	1113	230	209	1099	14314
644	752	123	148	1288	927	247	183	1100	1901
687	1233	132	240	1283	1523	246	296	1100	10856
644	1333	123	253	886	1575	170	300	1100	14257
886	1	170	0	1325	219	254	42	1100	14258
687	1102	132	224	932	1261	179	254	1100	14313
1	934	0	184	303	1138	56	222	1101	1901
480	436	88	84	604	561	114	110	1104	12360
703	1	131	0	1449	578	278	113	1105	12355
718	1	138	0	882	165	169	31	1106	467
638	251	122	52	928	587	174	111	1108	12351
975	595	183	121	1586	1199	300	237	1108	12353
254	27	46	5	1150	1051	219	209	1109	12356
1275	667	243	130	1444	829	276	162	1110	12349
32	1058	5	210	508	1534	95	300	1110	12356
1268	1285	234	250	1441	1458	267	283	1111	8979
966	181	182	35	1137	561	216	110	1112	8979
69	1	14	0	907	564	169	107	1112	8980
255	917	49	170	406	1413	80	263	1113	8978
983	239	197	47	1523	1228	300	240	1115	8979
540	146	110	29	752	355	151	69	1115	8980
1286	286	239	53	1473	709	274	132	1118	4827
1296	61	227	13	1660	361	300	74	1119	4813
1	361	0	74	255	618	48	122	1120	4813
1039	360	190	60	1567	855	294	159	1121	496
1057	395	194	74	1452	842	270	162	1121	4808
1257	980	233	189	1578	1289	296	249	1121	4826
479	932	88	176	790	1223	151	235	1122	4758
249	768	45	135	475	1009	87	179	1122	4759
1025	412	196	79	1204	619	228	119	1122	4803
1184	290	224	58	1386	536	259	102	1122	4817
374	1333	71	257	633	1569	118	300	1126	4833
541	397	101	74	785	609	146	113	1127	4834
775	605	151	118	1008	877	198	172	1128	4850
800	956	159	187	1520	1535	297	300	1129	4850
32	11	7	2	1308	923	259	180	1130	4851
176	321	32	57	441	648	86	123	1133	4786
63	846	12	158	554	1307	107	248	1135	4787
505	508	83	96	1259	1268	227	240	1138	4853
1427	371	257	75	1640	583	300	118	1138	4854
335	71	66	13	758	457	147	90	1139	4814
1144	1008	219	195	1422	1286	273	249	1139	4833
758	6	147	1	1148	392	220	73	1139	4834
1	583	0	118	316	899	63	181	1139	4854
78	581	15	110	1054	1557	205	300	1140	4817
1054	1	205	0	1242	190	240	35	1140	4818
1246	648	241	120	1576	1008	300	185	1140	4834
675	1227	133	241	862	1417	171	279	1141	4805
515	1021	101	189	672	1179	132	219	1141	4816
39	1030	8	189	183	1174	35	216	1141	4834
186	767	36	156	545	1125	106	225	1141	4836
1121	143	221	26	1540	562	300	105	1141	4837
7	569	1	106	1056	1609	195	300	1142	4837
1056	1	195	0	1345	291	247	52	1142	4838
513	887	91	169	938	1450	166	267	1143	4757
113	1	20	0	541	534	97	95	1143	4758
966	734	171	141	1289	1045	226	194	1143	4882
492	614	98	122	972	963	192	188	1144	4885
1012	130	201	25	1488	614	295	122	1146	4885
197	1011	36	196	895	1474	156	273	1147	4885
776	1406	146	256	1005	1635	190	300	1150	11998
1005	1	190	0	1550	549	299	114	1150	11999
47	549	8	114	1163	1192	219	240	1151	11999
43	1192	7	240	302	1398	58	281	1152	11999
173	461	29	88	1510	1368	292	263	1153	8786
399	930	78	183	671	1141	129	223	1154	8788
1423	1365	256	271	1557	1499	285	300	1156	8772
1	1216	0	237	312	1516	63	298	1159	8804
1014	16	197	2	1578	411	300	76	1159	12309
740	53	150	11	1517	667	295	127	1160	8778
798	702	161	135	1537	1346	299	255	1160	12309
1	411	0	76	222	579	47	113	1160	12309
20	1396	4	270	135	1511	27	293	1164	4884
1175	1	231	0	1559	363	300	67	1166	3359
240	768	48	145	719	1243	140	237	1166	3360
132	46	27	9	770	685	148	130	1166	3362
1068	676	205	126	1558	1016	299	190	1167	3359
1	363	0	67	477	676	92	126	1167	3359
168	977	32	182	777	1486	157	288	1168	3359
1106	1127	224	218	1244	1265	254	248	1168	3361
13	82	2	16	296	545	58	105	1169	3361
357	1279	68	243	532	1447	97	271	1172	4012
499	1007	105	188	1209	1590	244	300	1173	4013
1209	1	244	0	1502	293	299	54	1173	4014
308	178	58	31	479	348	91	64	1174	4013
674	670	127	123	880	877	173	169	1174	14034
666	548	135	111	1464	1348	290	265	1175	13014
465	291	91	54	709	519	145	105	1176	13014
1301	1185	255	218	1428	1308	280	242	1187	13870
1432	655	268	128	1575	851	300	170	1189	8565
1432	877	268	166	1575	1069	300	207	1189	8590
1214	541	225	111	1354	705	253	144	1189	11756
1375	1318	257	267	1519	1471	288	300	1189	11756
309	521	61	105	886	725	172	144	1192	11050
761	274	149	53	915	421	176	80	1192	11052
781	82	159	16	1258	862	253	167	1194	11052
259	1214	51	228	594	1551	116	293	1202	11048
1273	598	249	112	1544	926	300	173	1203	11048
391	172	76	33	937	614	186	119	1203	11049
931	364	192	64	1189	633	244	119	1204	11053
1420	1398	264	274	1618	1548	299	300	1209	11053
572	1215	110	239	762	1398	146	274	1210	11053
1	6	0	1	233	193	44	35	1210	11054
1177	503	219	99	1609	895	300	174	1210	13565
1177	191	219	34	1454	428	270	77	1210	13943
1051	1146	209	224	1384	1295	273	254	1211	13565
1	895	0	174	302	1154	59	225	1211	13565
1059	428	210	77	1247	615	245	112	1211	13943
595	1391	117	257	810	1607	160	300	1213	11065
360	521	69	98	917	1097	183	216	1215	6037
332	1150	64	225	531	1349	101	262	1216	11233
1	1403	0	266	168	1570	34	300	1217	8362
168	1	34	0	336	176	66	33	1217	8363
54	716	9	140	639	1288	113	243	1221	12163
705	1163	127	217	854	1362	156	254	1224	1661
465	1229	83	232	764	1550	138	291	1224	12252
788	73	144	12	1354	299	242	51	1224	12253
112	540	24	109	1482	1496	299	297	1231	1658
95	31	21	7	328	275	71	59	1234	13441
91	580	20	105	223	701	50	132	1234	13455
762	766	143	135	908	912	169	161	1235	13454
653	642	128	127	919	853	182	170	1243	12174
1	1263	0	247	326	1538	64	300	1248	1900
440	11	82	2	1169	426	223	85	1248	1901
607	458	117	91	997	650	194	131	1249	1901
974	834	193	157	1384	1106	277	213	1250	11845
318	1188	59	230	799	1578	145	300	1251	11843
155	405	30	72	1026	1175	204	227	1252	11843
1110	10	229	2	1389	290	279	52	1254	11843
87	283	18	51	281	431	51	76	1255	11843
35	489	6	97	197	652	36	128	1256	11844
27	1068	7	199	576	1469	115	279	1257	11838
1	440	0	91	204	642	38	128	1259	67
1	303	0	55	204	504	38	92	1259	836
3	1277	1	240	170	1444	34	273	1263	14486
1123	609	222	115	1370	758	272	145	1273	932
1287	1143	257	201	1510	1367	300	244	1274	13979
831	1492	157	267	988	1647	190	300	1275	13979
1	1367	0	244	139	1505	25	269	1275	13979
988	1	190	0	1279	297	247	60	1275	13980
152	261	28	52	405	514	76	100	1276	13980
454	1291	87	264	615	1450	119	296	1278	12173
1124	864	207	175	1547	1436	283	280	1281	12162
663	491	121	89	957	749	176	140	1281	12164
905	837	165	159	1140	1063	214	206	1282	12164
1	61	0	13	465	757	83	139	1282	12166
724	497	140	90	1028	832	198	156	1285	3834
761	1089	146	214	1066	1431	204	283	1285	12171
739	1460	131	275	876	1584	159	300	1288	12163
254	27	45	5	688	321	123	59	1292	12176
268	540	50	102	576	1098	108	208	1307	8461
1020	858	186	161	1644	1499	300	279	1307	8462
1	1499	0	279	111	1613	21	300	1308	8462
111	1	21	0	535	423	104	83	1308	8463
876	1158	156	218	1241	1511	226	286	1314	10056
1344	1006	243	209	1628	1291	300	266	1316	5943
1	1291	0	266	211	1408	42	289	1317	5943
222	1	44	0	1479	1167	284	224	1317	5944
106	1376	20	269	353	1526	63	295	1318	1901
14	1167	2	224	478	1581	86	300	1318	5944
544	17	98	3	1467	998	278	193	1318	5945
1138	1	219	0	1360	176	260	33	1319	1902
428	998	81	193	1519	1551	292	300	1319	5945
1047	1245	185	220	1246	1443	223	258	1320	12001
199	942	39	162	324	1064	64	186	1322	12001
295	1311	55	254	521	1566	96	300	1325	18
1	731	0	146	417	1036	86	209	1326	4321
381	267	78	50	1086	1528	215	290	1326	4322
704	418	143	77	859	580	173	108	1327	4320
1421	686	274	129	1571	859	300	160	1327	9799
1	1099	0	201	290	1354	55	248	1328	4320
1	859	0	160	322	1182	60	220	1328	9799
871	747	164	140	1577	1480	300	279	1328	12417
1	109	0	20	290	363	55	66	1328	14108
81	245	14	44	290	421	55	77	1328	14257
1	1480	0	279	126	1605	21	300	1329	12417
1	399	0	73	558	957	111	183	1330	4315
655	805	128	149	1348	1551	266	300	1330	4316
1348	1	266	0	1511	133	300	28	1330	4317
755	1264	147	250	909	1449	176	286	1330	10185
1015	16	198	3	1373	981	272	190	1330	10186
1	133	0	28	1267	1363	241	267	1331	4317
1348	1001	259	191	1475	1128	286	218	1331	4318
1	988	0	184	369	1320	73	248	1332	4319
446	1	84	0	710	257	137	51	1333	4314
96	42	18	7	315	259	61	50	1333	4325
640	327	121	56	848	535	157	92	1334	14308
643	553	126	107	1565	1297	299	246	1335	2856
1	251	0	48	121	371	25	73	1335	3869
927	153	176	29	1248	588	239	116	1335	4665
473	848	92	147	646	1026	127	183	1335	14308
862	1161	160	228	1115	1417	212	281	1336	11412
1115	934	212	177	1372	1186	264	227	1341	11411
480	261	89	51	1139	903	217	176	1341	11412
1038	900	195	175	1262	1126	239	220	1342	11412
476	594	87	110	1082	1201	203	228	1349	11415
822	1063	158	207	1025	1258	199	247	1350	11413
707	365	136	67	1201	1296	224	240	1351	11414
1217	1	227	0	1450	389	270	73	1351	11415
1096	866	213	175	1429	1199	282	244	1353	8011
706	142	137	27	985	421	190	80	1353	11413
186	546	30	106	450	809	85	159	1354	11413
443	399	83	77	660	618	121	115	1354	13283
299	1	57	0	438	138	83	26	1356	11413
756	135	145	26	1550	979	300	190	1359	2872
1	979	0	190	545	1516	111	300	1360	2872
545	1	111	0	1559	1135	300	214	1360	2873
1	1135	0	214	579	1557	113	299	1361	2873
584	4	114	1	1553	764	300	148	1361	2874
1	764	0	148	973	1523	192	300	1362	2874
973	1	192	0	1515	267	299	53	1362	2875
218	267	44	53	1150	534	227	107	1363	2875
1146	1	224	0	1578	433	300	77	1364	13982
1	433	0	77	463	894	92	168	1365	13982
1020	562	206	106	1419	904	277	167	1369	6352
1278	796	242	159	1414	932	269	186	1373	3869
115	1063	24	201	270	1209	54	229	1373	8010
816	307	149	66	1452	1202	272	240	1375	10906
212	1	42	0	702	551	139	110	1378	3074
58	864	11	169	211	1014	42	199	1394	11413
25	1224	4	229	374	1562	78	300	1397	8110
56	414	10	90	755	1355	140	261	1398	8330
1199	1281	225	249	1348	1431	258	281	1400	9483
554	1117	108	218	913	1459	173	280	1401	8914
913	644	173	120	1610	1472	300	276	1401	8917
149	1	29	0	1293	1261	265	260	1402	8918
1297	86	266	15	1489	265	300	47	1402	8919
1124	471	205	92	1667	765	300	141	1403	8916
1	265	0	47	1127	1381	206	251	1403	8919
20	765	3	141	1334	1363	268	261	1404	8916
1328	25	267	4	1507	204	300	37	1404	8917
318	658	57	125	1387	1362	263	263	1405	8915
1	204	0	37	325	533	58	96	1405	8917
1164	916	235	178	1274	1121	257	216	1528	14609
770	925	149	187	1061	1278	200	250	1545	9806
501	405	97	85	651	736	129	156	1582	2386
417	851	84	180	850	1431	167	294	1588	4136
906	698	178	139	1095	909	218	183	1597	9727
437	57	91	10	674	261	141	53	1702	1311
1133	240	227	50	1257	343	254	73	1708	912
462	926	101	178	786	1232	165	238	1719	1308
1247	1217	245	239	1370	1489	269	293	1722	1291
392	569	78	121	1081	1052	218	222	1724	1348
987	352	186	67	1445	814	276	156	1737	11022
500	48	83	10	1609	778	289	150	1738	10962
394	1228	70	235	842	1473	151	280	1739	10962
1235	390	239	80	1562	756	300	149	1745	13905
296	292	57	54	1503	977	282	186	1746	1902
40	572	7	112	793	1548	149	300	1746	13905
793	1	149	0	1609	774	300	143	1746	13906
1	986	0	187	166	1152	32	220	1747	1902
1	774	0	143	964	1650	171	300	1747	13906
964	1	171	0	1455	495	262	91	1747	13907
370	393	67	78	703	726	135	146	1758	14884
425	1	80	0	1222	393	241	78	1759	14884
689	474	135	89	1563	1253	300	234	1769	14833
1	1253	0	234	430	1574	86	299	1770	14833
846	680	168	139	1274	1092	250	218	1771	14834
218	851	47	180	412	996	89	211	1771	14835
1299	1384	255	252	1398	1483	276	273	1771	14837
1	633	0	118	132	765	26	144	1772	14837
76	1222	16	244	172	1318	38	266	1774	14834
1016	230	207	49	1234	425	254	90	1774	14835
226	729	50	137	1182	1685	212	300	1778	13012
1182	1	212	0	1530	350	277	65	1778	13013
853	1211	152	238	1258	1511	232	298	1779	6035
1258	41	232	8	1443	222	270	46	1779	6036
849	846	151	166	1467	1507	274	300	1779	13010
1467	1	274	0	1603	138	300	26	1779	13011
324	695	55	129	680	870	121	162	1779	14055
1	215	0	45	505	678	98	134	1780	6036
28	550	4	97	441	864	85	158	1780	11929
1	138	0	26	505	637	98	123	1780	13011
771	596	146	107	1308	1346	256	256	1780	13288
1333	764	260	147	1550	1118	300	216	1780	14336
528	609	98	115	1023	1098	193	210	1781	8121
1	1118	0	216	500	1545	93	298	1781	14336
376	94	72	18	577	292	108	54	1786	13966
122	266	24	46	1412	1558	278	300	1795	8118
1412	1	278	0	1531	120	300	22	1795	8119
1	120	0	22	191	309	33	55	1796	8119
208	502	37	107	1191	1485	230	300	1796	8120
1191	1	230	0	1549	356	300	70	1796	8121
181	1175	30	219	341	1356	59	252	1798	8117
806	1112	152	211	1261	1572	237	297	1798	12303
342	1186	65	238	683	1430	123	282	1800	7736
342	1048	65	199	754	1446	137	273	1800	12298
1	1059	0	208	1286	1536	250	300	1802	12299
1286	1	250	0	1549	271	298	49	1802	12300
1403	161	264	31	1576	334	300	67	1805	11655
1	334	0	67	643	977	127	194	1806	11655
238	230	43	46	489	447	91	86	1812	917
286	1218	53	237	489	1421	91	275	1812	5021
1	974	0	193	120	1096	25	220	1821	11644
89	290	14	59	867	550	160	107	1830	11645
323	1153	58	231	444	1274	81	254	1841	6283
775	221	151	45	1394	817	274	162	1895	1306
376	869	79	172	901	1343	177	261	1946	1300
702	598	127	108	1096	994	207	189	1956	843
991	1351	188	268	1141	1485	220	298	1961	105
1060	1440	201	263	1463	1604	285	300	1961	227
1060	300	201	59	1512	501	295	105	1961	988
803	620	159	123	1057	871	208	171	1980	9405
245	1	49	0	489	242	99	50	2014	7470
1	457	0	94	574	1014	114	201	2073	3316
208	1105	39	220	852	1521	169	300	2074	3316
299	879	67	183	507	1078	110	225	2089	3315
1	247	0	48	127	373	25	73	2099	1081
523	498	109	98	1121	967	238	200	2101	921
978	118	191	24	1186	320	238	71	2106	801
1229	9	247	2	1426	187	290	42	2106	802
978	982	191	199	1186	1174	238	243	2106	1235
1005	512	197	107	1467	878	300	190	2106	1236
109	486	23	106	336	665	71	145	2108	801
360	676	70	143	593	927	122	202	2110	1236
616	1098	126	234	823	1258	172	271	2111	801
440	373	81	75	1536	882	295	173	2120	12109
725	904	146	178	1517	1253	298	243	2121	12109
31	1248	7	242	361	1531	69	295	2122	12109
524	1	102	0	1307	689	252	131	2122	12110
556	834	108	157	1608	1209	300	228	2123	12110
58	1218	10	230	571	1471	101	277	2124	12110
662	142	127	27	1357	384	260	75	2125	12111
69	722	14	135	1244	1531	254	300	2126	12103
1244	1	254	0	1363	120	276	22	2126	12104
1008	712	170	132	1673	1121	300	213	2127	12113
1	1121	0	213	849	1572	159	298	2128	12113
1147	1	221	0	1545	268	298	52	2128	12114
13	291	2	56	741	598	149	120	2129	12114
1070	777	207	155	1423	941	272	185	2130	12114
107	936	20	184	522	1253	95	239	2131	12114
1121	1194	208	228	1605	1327	300	256	2131	12114
213	1125	42	222	814	1355	157	267	2132	12112
332	26	65	5	1025	246	197	45	2133	12113
38	239	7	44	1045	675	195	124	2134	12113
999	21	194	4	1482	355	294	73	2135	12108
11	355	2	73	1189	1488	235	300	2136	12108
1189	1	235	0	1503	270	299	55	2136	12109
894	771	171	145	1298	1173	249	223	2139	12100
88	1173	19	223	601	1593	114	300	2140	12100
601	1	114	0	1537	775	300	155	2140	12101
1	949	0	189	625	1524	123	300	2142	12101
625	1	123	0	1349	626	259	116	2142	12102
1429	626	272	116	1591	790	300	144	2143	12102
1	790	0	144	864	1655	155	300	2144	12102
864	1	155	0	1626	407	294	77	2144	12103
27	407	5	77	329	657	61	123	2145	12103
345	491	63	96	1494	999	300	200	2145	12111
1373	1255	262	247	1585	1469	300	285	2146	12111
1	999	0	200	313	1255	60	247	2146	12111
234	1	46	0	949	396	182	73	2147	12112
161	396	35	73	481	663	97	127	2148	12112
1022	1366	205	279	1167	1462	237	300	2149	12104
1167	1	237	0	1365	151	278	32	2149	12105
477	712	96	136	953	1084	192	213	2149	12112
86	151	16	32	1495	1098	300	224	2150	12105
1	1098	0	224	381	1479	75	300	2151	12105
545	19	106	3	1550	766	300	150	2151	12106
6	766	1	150	704	1516	142	298	2152	12106
717	6	144	1	1263	498	249	97	2152	12107
7	507	1	99	1505	1461	300	291	2153	12107
880	1223	168	246	1205	1497	231	300	2160	11349
1205	1	231	0	1578	320	300	60	2160	11350
1214	385	220	73	1513	637	276	119	2161	11350
268	617	51	115	574	841	107	155	2162	11350
1025	1105	196	215	1512	1450	300	291	2164	1034
1099	21	212	5	1512	317	300	70	2164	1093
1	317	0	70	200	480	40	103	2165	1093
694	1209	126	238	907	1425	173	285	2167	3492
59	336	11	70	1632	1139	300	226	2168	11348
1	1139	0	226	383	1520	74	300	2169	11348
383	1	74	0	1515	790	300	162	2169	11349
1	790	0	162	547	1058	104	213	2170	11349
337	1371	62	265	525	1559	97	300	2172	11350
525	1	97	0	990	270	186	50	2172	11351
239	263	43	48	406	431	71	76	2173	11351
189	1190	34	240	804	1404	158	284	2181	10260
725	820	143	168	995	1058	197	218	2183	11097
640	519	122	91	764	642	149	118	2184	10255
551	14	106	2	1199	1050	215	183	2185	10256
395	708	72	136	891	1145	171	226	2187	10257
1271	996	248	197	1547	1254	300	246	2187	10259
1380	586	271	108	1524	732	300	138	2188	4152
1	1254	0	246	137	1392	26	274	2188	10259
335	866	65	176	654	1181	131	238	2188	10260
1	732	0	138	843	1577	162	300	2189	4152
843	1	162	0	1377	683	262	129	2189	4153
82	1372	17	249	831	1598	160	292	2189	11718
240	1	48	0	831	216	160	40	2189	11779
1	462	0	87	930	1526	187	300	2190	4153
930	1	187	0	1052	123	216	29	2190	4154
29	107	5	20	524	333	102	64	2190	11779
443	14	83	2	1544	495	296	97	2191	10260
780	1	158	0	1057	278	209	50	2192	10257
51	495	9	97	519	712	111	143	2192	10260
1277	1159	244	229	1547	1428	300	285	2193	10257
130	1	27	0	709	411	138	78	2194	10258
644	407	131	77	1350	861	261	161	2195	10258
76	861	15	161	1271	1314	241	245	2196	10258
148	1314	29	245	251	1417	50	266	2197	10258
1029	1413	201	265	1266	1595	246	300	2197	10258
1266	1	246	0	1476	214	287	41	2197	10259
1089	315	207	61	1586	644	300	120	2198	10259
1	644	0	120	627	996	130	197	2199	10259
986	1	193	0	1197	169	235	33	2214	898
959	1011	187	214	1146	1178	225	248	2214	5211
290	16	61	3	559	540	115	106	2215	9405
571	391	116	79	1506	1099	300	221	2216	1657
11	1099	3	221	168	1256	34	252	2217	1657
646	662	132	133	1131	1153	231	233	2219	1658
50	1149	9	232	422	1496	79	297	2220	1658
498	1233	90	241	677	1420	123	275	2221	57
498	765	90	150	677	950	123	184	2221	1285
1229	849	243	164	1446	1058	286	205	2226	5406
977	110	200	22	1085	218	224	46	2227	1283
682	971	137	192	969	1257	198	252	2227	10244
521	886	104	183	891	1458	181	300	2227	12675
682	322	137	65	956	586	195	124	2227	12680
1	1346	0	267	144	1491	31	299	2239	105
54	1440	10	263	403	1604	88	300	2239	227
54	300	10	59	460	505	101	106	2239	988
950	379	181	76	1312	682	251	137	2251	1241
327	290	63	57	485	454	98	94	2254	2216
373	718	73	145	684	1116	137	226	2255	7785
143	1034	27	208	529	1506	102	300	2282	1290
811	18	156	3	1331	404	257	77	2282	1291
186	520	39	99	1243	1519	250	300	2283	1291
75	620	17	133	500	1064	107	219	2284	1292
1128	46	228	9	1415	327	286	65	2291	771
684	854	137	166	1402	1463	290	299	2292	771
59	337	10	67	298	905	59	177	2292	771
730	1062	147	215	1186	1440	246	298	2292	1212
1209	1	251	0	1448	201	300	41	2292	1213
605	538	118	110	729	811	146	170	2296	1041
1128	702	230	138	1477	1043	295	201	2314	891
38	1101	8	190	175	1360	37	246	2315	894
325	13	63	3	439	127	85	25	2315	898
292	1034	56	219	439	1178	85	248	2315	5211
105	1	21	0	380	230	74	44	2317	901
468	917	91	183	737	1138	143	227	2325	1185
1269	968	251	205	1480	1145	295	245	2326	702
1269	289	251	64	1480	453	295	101	2326	1142
544	265	105	52	817	489	161	100	2327	776
145	1052	30	198	647	1564	130	300	2328	3681
154	107	31	19	674	588	135	114	2328	14006
900	66	172	12	1095	364	208	68	2333	1119
271	482	57	93	960	1127	203	229	2348	887
795	468	160	91	1133	807	230	162	2349	911
795	1325	160	261	971	1511	196	300	2349	4694
508	89	103	18	1531	1021	300	203	2350	899
497	650	97	128	944	1155	185	229	2353	864
573	1262	113	269	770	1420	152	300	2394	11895
294	230	60	47	587	549	118	109	2404	9687
341	862	69	155	587	1057	118	194	2404	11763
265	353	53	72	520	662	103	134	2415	9528
1270	5	249	1	1540	456	299	91	2436	5780
514	1205	102	257	728	1397	149	300	2436	11897
1056	541	217	111	1152	637	239	133	2439	10536
1388	147	269	28	1538	296	300	58	2449	11908
488	1034	104	213	848	1366	171	277	2450	6117
1079	1225	217	239	1520	1556	297	300	2450	11899
1	296	0	58	170	465	37	95	2450	11908
214	1	46	0	1531	925	300	179	2451	11899
1	925	0	179	403	1219	80	238	2452	11899
399	93	76	21	812	517	158	106	2453	11900
427	534	81	110	1364	1294	271	267	2454	11900
173	1	34	0	427	258	81	48	2454	11901
18	671	3	130	295	921	56	178	2455	6123
1	768	0	149	295	1081	56	209	2455	11901
1053	844	207	164	1500	1141	292	221	2455	11905
356	391	69	72	525	556	103	106	2455	11906
1	1068	0	208	662	1517	129	296	2456	11905
700	17	137	3	970	391	186	72	2456	11906
1	596	0	115	318	860	57	164	2457	11906
505	211	101	40	1509	922	294	178	2460	11904
1257	358	249	71	1531	585	300	113	2461	580
1087	699	215	141	1531	1120	300	220	2461	11885
1090	463	220	87	1441	685	292	132	2464	618
352	692	76	133	680	854	138	165	2465	618
694	1231	141	237	1040	1539	211	300	2465	11904
1	187	0	37	454	623	89	122	2466	11905
697	369	145	77	831	512	176	111	2471	919
700	1085	146	210	1000	1382	210	276	2471	11901
850	639	170	129	978	752	197	153	2472	6111
1099	1	222	0	1250	153	255	33	2472	11902
482	1	96	0	769	297	152	58	2473	580
369	755	73	144	800	1177	157	229	2473	1087
247	1	49	0	950	699	188	141	2473	11885
161	1195	35	233	673	1486	146	297	2475	618
105	150	22	29	673	609	146	129	2475	11887
673	1349	146	267	886	1519	189	300	2475	11887
827	1	176	0	1426	819	294	166	2475	11888
1275	985	261	197	1439	1188	295	241	2476	11888
1	931	0	180	374	1226	71	236	2477	11904
231	625	49	134	1443	1472	293	300	2478	11890
316	89	57	16	556	279	106	55	2480	11903
556	983	106	198	1045	1536	196	300	2480	11918
1061	1	199	0	1652	621	300	105	2480	11919
1	621	0	105	219	889	42	158	2481	11919
717	1053	144	221	899	1272	182	266	2482	11896
345	1060	70	205	687	1480	142	297	2483	11894
484	944	100	190	878	1285	182	260	2484	918
940	206	196	44	1164	621	243	134	2484	919
151	1142	30	233	303	1294	60	263	2484	6117
348	11	70	2	773	517	162	106	2484	11900
940	1338	196	266	1164	1497	243	300	2484	11901
1164	1	243	0	1262	99	265	22	2484	11902
69	1117	15	218	242	1278	50	250	2485	11903
118	1	22	0	1242	1131	243	228	2487	11907
576	1194	114	232	798	1437	159	282	2488	668
385	869	78	166	858	1299	171	251	2488	11906
671	805	136	162	801	935	162	188	2491	11898
919	132	181	27	1204	400	240	85	2492	11895
25	9	5	2	493	601	98	129	2493	11895
75	132	15	29	472	433	89	87	2498	1094
11	61	2	12	472	429	89	85	2498	11916
887	696	171	139	1498	976	291	197	2499	11898
1	1094	0	221	296	1388	54	275	2503	11918
1163	3	232	1	1364	206	274	44	2505	919
1100	958	219	196	1364	1262	274	258	2505	6111
343	1050	65	207	621	1338	117	261	2512	628
5	193	1	41	621	750	117	148	2512	11902
1274	1	239	0	1593	648	300	131	2514	11908
1	648	0	131	280	929	56	188	2515	11908
409	1023	79	181	972	1584	188	289	2515	11931
758	1003	158	202	967	1304	202	266	2532	7307
628	966	124	205	1103	1399	223	300	2537	10998
1103	1	223	0	1300	207	266	46	2537	10999
711	1	144	0	1062	385	217	80	2609	1029
535	1094	107	217	928	1489	189	300	2609	2730
608	493	124	98	873	735	176	145	2643	1745
498	924	102	182	694	1102	140	216	2658	7510
178	357	35	71	327	505	66	102	2658	7511
1039	794	210	162	1241	970	256	202	2709	10524
514	352	101	69	1318	1426	264	284	2792	1745
845	1262	160	236	1159	1568	225	300	2803	1339
523	1034	103	211	980	1490	193	300	2808	6467
980	1	193	0	1218	271	240	53	2808	6468
523	117	103	22	935	507	184	99	2808	6478
4	291	1	56	659	908	131	180	2809	6468
642	1144	128	236	938	1448	185	300	2809	6472
617	113	125	23	1369	969	278	195	2813	1314
380	1315	77	275	593	1438	120	300	2814	1312
57	1	10	0	1400	1446	292	300	2814	6474
773	167	158	30	1147	532	241	112	2816	6472
867	508	171	100	1483	1055	297	213	2817	1313
333	573	66	122	657	771	130	162	2817	2168
867	20	171	4	1500	611	300	128	2817	6475
1	1060	0	214	363	1408	73	285	2818	1313
130	597	27	128	337	771	68	162	2818	2168
1	611	0	128	861	1455	174	300	2818	6475
861	1	174	0	1505	648	300	127	2818	6476
332	1	65	0	1134	1476	226	296	2819	1314
1232	204	247	44	1473	595	300	130	2819	1315
1	648	0	127	311	964	61	190	2819	6476
6	595	1	130	293	974	59	209	2820	1315
303	720	61	148	1006	1490	198	300	2820	6467
1006	1	198	0	1527	520	300	101	2820	6468
427	1	85	0	928	481	182	93	2820	6478
1	520	0	101	971	1507	194	300	2821	6468
971	1	194	0	1507	426	300	85	2821	6469
508	1092	105	228	977	1308	205	273	2822	1312
134	1144	26	236	442	1448	91	300	2822	6472
442	1	91	0	1433	1013	300	215	2822	6473
706	1315	147	275	917	1438	190	300	2823	1312
917	1	190	0	1106	191	227	38	2823	1313
1	1013	0	215	389	1416	82	300	2823	6473
389	1	82	0	1446	1105	300	230	2823	6474
1	1105	0	230	338	1442	69	299	2824	6474
338	1213	69	241	641	1509	129	300	2824	6476
862	729	157	145	1477	1314	291	269	2825	6429
1303	1119	268	231	1465	1320	300	271	2827	6430
1	1320	0	271	128	1458	26	300	2828	6430
1162	412	231	88	1386	624	278	133	2828	6434
443	1257	89	249	739	1554	140	300	2829	6431
739	1	140	0	1460	698	287	137	2829	6432
292	771	60	169	874	1287	190	281	2830	6436
1	19	0	4	271	316	57	65	2834	6467
617	1268	129	253	866	1509	177	300	2835	6476
549	309	119	63	776	523	167	110	2838	6467
324	327	63	67	636	516	127	106	2840	6474
1205	916	239	190	1413	1078	282	223	2842	6472
562	10	111	2	1022	436	201	88	2847	1324
1212	484	238	94	1499	790	295	156	2854	6468
1380	1034	255	201	1614	1272	300	247	2859	14849
86	173	18	33	230	322	49	66	2861	6474
1342	1099	273	221	1455	1212	295	243	2862	1657
537	888	107	184	799	1425	160	293	2872	6475
1269	783	236	157	1456	946	278	193	2896	1327
270	343	53	70	383	456	76	93	2897	6474
1220	563	238	118	1533	822	296	167	2941	5082
1	962	0	192	432	1498	86	300	2941	10568
432	1	86	0	589	162	117	31	2941	10569
1	827	0	168	614	1107	115	220	2942	5082
458	5	88	1	834	324	155	60	2942	6496
652	851	120	163	1032	1210	194	229	2945	6496
652	508	120	99	986	798	186	156	2945	10569
1024	53	193	9	1313	346	244	62	2945	12964
414	6	83	1	675	178	138	35	2948	12960
289	634	55	133	1358	1310	267	269	2949	12959
749	734	147	141	1062	1047	210	203	2951	6494
396	765	82	154	1229	1378	243	276	2951	10564
1002	329	197	67	1203	496	238	102	2951	10572
7	694	1	140	288	1344	57	277	2952	10563
280	179	55	37	662	553	127	107	2952	10564
369	745	69	147	983	1367	185	265	2954	14849
1017	21	195	4	1402	442	275	92	2955	6822
53	1121	10	233	277	1328	58	276	2957	12938
1	708	0	136	681	1148	138	224	2960	12934
1044	412	197	73	1561	923	300	174	2961	12964
396	636	79	127	676	939	138	191	2978	1327
1	136	0	29	232	367	48	77	2978	1329
1162	925	239	190	1459	1191	300	245	2978	1329
1162	66	239	12	1404	309	288	61	2978	1418
577	287	116	56	796	482	161	97	2979	1461
941	563	191	116	1151	772	235	160	2980	1426
799	1099	152	221	952	1256	182	252	2984	1657
811	1313	164	247	936	1434	191	272	2986	1339
198	1009	39	193	521	1289	102	249	2988	1345
907	1027	181	203	1462	1517	293	300	2989	332
932	803	187	164	1501	1331	300	269	2989	1344
842	388	167	73	1501	1152	300	229	2989	11942
907	951	181	203	1405	1431	281	300	2989	11944
1	40	0	7	217	257	44	51	2990	333
1	1331	0	269	154	1484	31	300	2990	1344
1	1152	0	229	229	1380	46	276	2990	11942
1	953	0	186	648	1486	137	300	2991	1343
648	1	137	0	1444	520	300	109	2991	1344
363	1	77	0	814	452	171	96	2991	11943
263	306	56	67	845	893	178	192	2991	11944
260	1010	49	198	786	1455	154	292	2995	1343
334	5	66	1	786	256	154	54	2995	11943
334	417	66	90	786	668	154	143	2995	11944
70	1225	15	242	353	1478	74	294	2996	1309
1340	1236	257	244	1536	1397	300	279	2997	1309
1054	1027	217	215	1325	1256	275	262	3001	1326
549	1	111	0	714	117	145	25	3001	1327
990	577	195	116	1205	760	235	149	3008	1359
1	1226	0	224	235	1454	48	271	3009	11961
251	200	49	38	521	462	102	90	3010	1357
251	1121	49	218	521	1385	102	270	3010	5929
1	685	0	136	429	1232	77	235	3014	1350
741	821	137	161	1280	1399	247	278	3014	9870
14	727	3	140	801	1508	160	300	3015	1355
801	1	160	0	1028	216	207	44	3015	1356
1079	11	216	3	1412	335	278	64	3015	11962
1137	957	212	189	1609	1308	300	256	3020	1459
314	257	56	52	639	576	114	109	3020	1502
362	176	71	31	1459	1287	284	244	3021	1364
628	171	122	33	948	477	185	94	3021	1713
23	1202	5	239	186	1355	39	271	3023	1502
8	603	1	114	530	1026	107	201	3025	1309
717	1071	143	220	878	1244	177	256	3025	12591
1268	600	239	117	1578	730	300	142	3026	7377
45	735	8	143	415	986	77	187	3027	7377
1198	687	228	137	1561	1153	300	228	3027	7378
28	11	6	2	667	776	136	159	3028	7379
1154	73	232	14	1514	419	300	79	3028	7396
689	1093	140	206	1073	1492	216	282	3028	7402
729	154	148	32	933	304	189	60	3028	7403
1	419	0	79	307	713	58	135	3029	7396
969	6	180	1	1330	732	248	138	3029	7400
1420	1	266	0	1590	572	300	116	3029	7401
993	572	200	113	1469	1010	296	199	3030	1505
1	572	0	116	619	1279	128	261	3030	7401
32	1005	5	198	526	1486	109	300	3031	1505
936	1	180	0	1093	147	212	30	3033	7354
1388	766	258	150	1562	905	291	176	3034	1570
1374	930	255	166	1562	1098	291	198	3034	12807
20	399	4	78	1060	1444	224	300	3035	12808
1	1074	0	212	412	1515	81	300	3036	1535
412	1	81	0	919	502	175	94	3036	1536
996	724	190	149	1235	925	240	190	3036	1571
1019	1	195	0	1226	213	238	44	3036	12811
1	832	0	162	680	1529	132	300	3036	12815
680	1	132	0	919	243	175	44	3036	12816
907	234	168	50	1059	417	198	86	3039	5953
765	1290	160	249	1023	1540	213	300	3046	1744
109	57	21	11	449	401	90	81	3055	11381
197	763	40	153	348	924	73	188	3056	9553
1	1151	0	229	115	1265	22	251	3056	9870
648	557	127	111	859	762	169	152	3057	1527
648	941	127	190	859	1148	169	231	3057	11732
616	908	118	179	1015	1265	200	252	3062	12673
414	865	79	167	611	1050	117	202	3062	13024
201	21	40	3	409	231	78	41	3062	14746
1103	1100	215	211	1549	1492	300	287	3064	1456
696	156	142	25	1403	620	286	117	3076	1323
130	815	25	158	716	1515	142	300	3077	1323
716	1	142	0	1308	570	262	115	3077	1324
603	1060	122	213	1280	1480	263	300	3079	1327
1	99	0	21	612	530	126	108	3080	1328
801	401	157	81	1051	883	207	178	3100	1657
963	644	191	128	1369	898	278	182	3148	1327
504	1	100	0	686	183	138	38	3174	1030
1135	536	219	103	1405	1114	274	223	3207	9727
1302	1317	245	248	1504	1518	288	289	3220	1339
1126	1082	211	218	1297	1256	244	252	3220	1657
387	163	80	35	479	255	102	57	3221	1329
811	200	149	38	1101	469	205	91	3231	1357
811	1121	149	218	1101	1392	205	271	3231	5929
701	1356	134	255	863	1518	168	289	3262	1339
449	1106	86	223	599	1256	115	252	3262	1657
1363	901	260	158	1559	1087	300	197	3271	1362
1229	593	252	117	1426	790	285	150	3272	1357
699	307	146	62	995	558	205	113	3272	1360
824	820	161	155	972	980	188	185	3273	5177
637	884	117	185	1064	1492	198	300	3276	912
1101	82	206	16	1334	702	255	136	3276	913
1231	294	234	59	1334	397	255	80	3276	1680
157	524	27	99	1209	706	235	136	3283	205
147	391	25	79	1257	1256	245	252	3283	1657
143	698	29	137	389	943	75	183	3290	891
694	332	142	57	1074	818	218	157	3294	6504
1069	1369	222	270	1198	1493	246	293	3312	922
1253	1013	256	195	1385	1136	285	222	3312	1399
182	1335	37	269	334	1489	68	300	3312	9851
151	906	30	178	460	1244	96	250	3312	10244
1069	903	222	191	1198	1030	246	214	3312	10388
485	1046	102	207	642	1153	134	230	3312	12673
175	1231	35	251	395	1458	82	300	3312	12675
178	291	36	59	460	586	96	124	3312	12680
884	334	186	62	1025	473	212	89	3312	12820
1	997	0	199	213	1192	42	238	3342	1544
1031	93	221	18	1419	464	300	94	3344	1334
1	464	0	94	284	740	58	151	3345	1334
476	543	80	122	770	740	133	158	3352	1044
1002	1302	184	259	1205	1513	223	300	3353	1426
612	481	114	97	932	800	170	153	3353	1434
1002	1325	184	245	1270	1607	236	300	3353	14700
612	706	114	142	932	1024	170	198	3353	14701
1276	519	235	104	1590	838	290	161	3354	1429
346	132	64	27	1177	598	216	113	3354	1502
1276	249	235	53	1590	568	290	110	3354	11708
1	1014	0	197	354	1367	66	265	3354	14849
134	93	29	21	553	592	110	122	3355	1409
586	713	118	150	758	877	152	182	3355	1410
938	564	190	107	1550	1146	300	210	3355	1529
919	792	185	153	1550	1371	300	261	3355	14399
437	1317	84	256	631	1515	125	299	3356	1422
935	1	188	0	1233	151	250	31	3356	1423
1	1146	0	210	417	1555	79	289	3356	1529
1	1371	0	261	209	1579	39	300	3356	14399
209	1	39	0	417	184	79	36	3356	14400
26	547	5	115	237	737	47	157	3357	1732
219	1333	43	264	395	1488	83	300	3362	1017
207	960	39	192	851	1505	162	293	3373	5147
487	111	97	21	1542	652	300	125	3375	1744
1184	69	227	13	1475	653	285	131	3382	5501
696	105	145	21	1092	430	220	84	3393	539
1	1444	0	277	115	1557	21	298	3403	1586
685	856	134	172	1228	1098	237	219	3417	899
1102	329	218	65	1367	1075	268	211	3440	1418
1371	101	269	20	1542	269	300	50	3440	1422
1014	1	197	0	1312	151	259	31	3442	1423
1030	12	198	2	1228	191	237	38	3443	1543
941	1192	177	240	1262	1492	241	300	3446	1460
1262	1	241	0	1562	257	298	49	3446	1461
894	1	161	0	1231	342	226	67	3447	1500
355	47	67	9	797	509	150	99	3448	1550
7	650	1	119	273	817	52	152	3448	1595
850	451	164	85	1549	776	300	152	3449	1436
126	627	25	123	347	866	68	170	3449	12817
107	776	22	152	996	1263	187	248	3450	1436
152	1326	29	264	367	1503	71	300	3451	1718
931	370	179	72	1295	691	248	135	3451	1730
30	244	7	48	1122	1561	212	300	3452	1769
21	746	5	146	334	1129	62	214	3453	1770
401	104	73	19	1445	1557	278	300	3453	1772
288	41	50	9	686	795	118	142	3454	1433
729	454	128	88	1021	724	182	139	3454	1464
1	106	0	20	239	326	42	60	3454	1773
1130	802	202	155	1664	1349	299	258	3454	11708
1278	450	252	91	1551	749	300	144	3455	1434
195	64	40	12	794	620	154	116	3455	10970
877	310	171	68	1221	609	240	128	3455	12963
1278	670	252	135	1551	973	300	189	3455	14701
142	1189	26	233	550	1513	109	300	3456	1501
1040	381	210	78	1456	748	298	160	3457	1732
1	1035	0	195	523	1558	104	298	3458	9973
545	1	109	0	1516	974	300	190	3458	9974
831	1118	164	229	1306	1480	253	300	3459	1742
1306	1	253	0	1578	221	300	38	3459	1743
90	661	19	132	746	1358	146	269	3459	4502
1	221	0	38	1029	1538	204	300	3460	1743
1029	1	204	0	1366	174	273	34	3460	1744
345	462	72	94	1267	1064	255	212	3463	5937
35	698	7	144	1151	1460	233	300	3463	5938
6	766	1	155	384	1205	75	237	3464	11263
699	994	131	195	1192	1479	228	290	3466	11381
1011	1152	200	221	1234	1315	245	255	3469	10940
69	498	11	102	632	1139	126	227	3509	1733
859	109	179	22	1090	342	227	71	3510	1738
629	946	132	195	1090	1214	227	250	3510	10958
347	1147	76	237	1121	1453	236	300	3511	1737
129	352	30	73	235	458	53	96	3511	1738
129	1249	30	257	235	1355	53	280	3511	10958
534	404	104	85	876	640	166	130	3514	1739
540	365	105	71	888	739	168	139	3514	7411
534	239	104	51	882	476	167	96	3514	10959
1	875	0	178	125	999	26	204	3522	1747
334	27	68	6	790	543	155	103	3529	1769
457	1320	90	264	642	1493	128	300	3536	1771
642	1	128	0	1567	758	300	143	3536	1772
1	758	0	143	799	1557	156	300	3537	1772
799	1	156	0	1574	727	300	135	3537	1773
1	727	0	135	349	1082	70	206	3538	1773
306	906	61	180	657	1225	133	246	3551	1423
262	21	52	3	733	453	142	83	3552	11374
1177	513	232	100	1470	819	300	171	3552	11391
48	1254	9	263	209	1420	41	296	3553	11391
1201	200	239	39	1500	609	300	124	3554	1873
128	643	26	126	600	1006	126	201	3555	2396
115	690	23	141	577	1148	121	237	3555	2397
225	179	47	35	612	497	128	102	3555	2398
128	439	26	85	565	781	118	158	3555	5620
802	10	167	2	1045	244	217	50	3555	7419
341	888	61	164	619	1240	119	233	3556	7515
341	798	61	155	615	1003	117	197	3556	9894
1158	98	217	19	1471	417	276	82	3566	1550
986	714	187	148	1116	1253	214	256	3567	1039
1141	1148	219	235	1325	1285	256	264	3567	1044
717	849	144	170	1146	1484	232	300	3572	9751
21	382	4	75	385	616	79	121	3575	1423
1	1357	0	276	117	1474	24	300	3577	1476
117	1	24	0	336	213	69	44	3577	1477
719	272	149	54	909	452	188	90	3577	1483
802	7	166	1	909	114	188	23	3577	9786
344	258	71	50	580	526	121	104	3577	11709
568	580	111	115	1491	1405	300	284	3579	1505
92	1	17	0	335	186	65	39	3580	1506
534	134	101	26	1005	584	188	104	3580	1721
1138	576	221	119	1521	841	300	174	3582	1412
1305	1	257	0	1521	230	300	45	3582	5977
1	841	0	174	894	1468	179	300	3583	1412
961	6	193	1	1479	485	300	101	3583	1413
125	240	25	47	463	435	92	86	3583	5977
1007	1260	202	242	1256	1515	256	297	3583	12612
1323	1	269	0	1479	158	300	31	3583	12613
1	485	0	101	1038	1465	211	300	3584	1413
1038	1	211	0	1516	400	300	74	3584	1414
433	397	87	79	1516	1237	300	242	3584	5977
1	158	0	31	383	535	78	109	3584	12613
1	400	0	74	1153	1497	236	300	3585	1414
1153	1	236	0	1436	287	293	58	3585	1415
667	1	141	0	1471	558	300	105	3585	5337
1	1237	0	242	278	1513	58	300	3585	5977
278	1	58	0	1148	862	235	177	3585	5978
74	287	15	58	1348	1498	268	300	3586	1415
1348	1	268	0	1508	160	300	31	3586	1416
1	558	0	105	381	954	74	183	3586	5337
1012	686	195	135	1190	983	231	193	3588	1418
539	191	101	39	692	329	128	64	3589	1406
1440	563	276	116	1556	673	300	139	3589	1426
795	874	145	178	1313	1503	244	300	3595	1454
1313	1	244	0	1574	242	300	52	3595	1455
969	1	177	0	1574	608	300	122	3595	5509
1	242	0	52	769	1030	153	210	3596	1455
882	8	175	1	1488	548	300	108	3596	1459
1	548	0	108	1389	1522	276	299	3597	1459
146	338	31	68	302	546	62	109	3597	10486
471	447	100	88	712	687	148	135	3597	14849
370	1035	76	211	690	1446	139	292	3598	1455
732	10	148	2	1502	914	299	179	3598	1456
35	68	7	14	355	328	73	65	3598	1460
17	659	3	131	355	983	73	195	3598	10486
399	431	78	86	1208	1083	243	218	3601	1460
120	1136	23	230	540	1492	107	300	3602	1460
540	1	107	0	1137	482	226	97	3602	1461
601	568	118	112	735	703	144	138	3604	1341
1143	1345	228	268	1330	1527	261	300	3604	1405
1330	1	261	0	1516	187	299	38	3604	1406
1	307	0	60	487	802	95	158	3605	1406
652	12	126	2	985	490	197	101	3605	1408
985	803	197	161	1475	1241	300	252	3605	1416
543	1031	105	205	915	1349	183	272	3605	5976
1015	1	203	0	1475	394	300	82	3605	5979
1	1255	0	254	280	1505	52	300	3606	1416
280	1	52	0	592	314	117	66	3606	1417
34	629	7	131	643	1363	122	272	3607	1417
1306	1230	247	244	1579	1474	300	292	3607	1421
53	374	9	71	1017	1349	198	263	3608	1422
563	1162	103	228	859	1518	162	300	3609	1431
859	1	162	0	1600	582	300	105	3609	1432
1	582	0	105	388	954	70	174	3610	1432
1266	307	246	62	1506	557	300	119	3611	1542
1027	1	212	0	1498	367	300	71	3612	1527
1	557	0	119	624	1305	133	279	3612	1542
755	98	159	20	1498	723	300	144	3612	11732
730	979	154	201	1298	1154	266	236	3612	12674
1	367	0	71	854	1147	171	229	3613	1527
1084	101	212	21	1325	344	257	67	3613	1730
1	723	0	144	730	1489	146	300	3613	11732
1121	1	218	0	1317	183	255	35	3613	14367
1	290	0	57	427	707	81	135	3615	1342
1187	560	226	108	1541	893	300	178	3618	1544
373	1	75	0	982	710	200	147	3619	1540
1	893	0	178	318	1192	63	238	3619	1544
367	464	74	94	982	1182	200	242	3619	5991
1039	832	213	161	1262	1096	255	212	3619	11708
1	659	0	131	304	962	55	186	3620	1429
1	389	0	80	304	693	55	135	3620	11708
1	1255	0	263	169	1423	37	300	3625	1564
169	1	37	0	290	122	61	24	3625	1565
506	1313	102	253	752	1557	147	298	3628	1586
629	287	130	61	1336	854	268	174	3683	1729
919	370	178	72	1442	811	283	160	3684	1730
948	1259	191	248	1119	1424	224	279	3686	1730
1093	1265	219	257	1262	1438	254	293	3686	1747
211	773	41	156	535	1113	107	226	3686	1747
726	1	145	0	1480	607	298	122	3686	1748
375	361	73	73	648	580	126	115	3693	5450
1	1001	0	187	216	1368	44	260	3694	1608
618	1127	124	216	849	1367	171	263	3694	1609
835	412	168	80	1181	1217	237	230	3694	1610
1235	127	250	27	1490	310	300	60	3694	1612
230	123	47	25	613	504	123	101	3694	7374
1291	967	256	191	1481	1169	295	232	3695	5449
30	886	6	180	231	1093	49	225	3695	5891
36	798	7	162	231	972	49	201	3695	14760
71	662	13	131	1159	1256	229	247	3696	5450
1169	135	231	27	1490	370	294	74	3696	5452
635	1	127	0	792	135	161	28	3698	1612
894	1	169	0	1504	621	290	122	3699	5892
897	802	170	163	1504	1319	290	270	3699	14760
997	59	189	11	1300	414	245	83	3701	5450
1316	1	267	0	1474	156	299	31	3703	37
8	158	1	32	1161	1286	219	246	3704	37
1153	1	217	0	1596	429	300	81	3704	38
249	753	46	141	1138	1167	214	221	3704	2724
1174	671	232	136	1499	988	300	203	3706	1739
1174	654	232	133	1499	971	300	200	3706	10956
9	988	1	203	519	1452	111	300	3707	1739
9	971	1	200	502	1452	107	300	3707	10956
495	681	95	134	942	986	177	187	3712	7377
170	607	29	120	1139	1502	218	295	3713	7378
1143	504	219	104	1540	960	300	196	3713	7382
1	960	0	196	352	1311	73	269	3714	7382
1136	401	225	75	1544	841	300	157	3714	7384
73	813	14	174	326	1066	63	223	3715	3148
233	94	44	18	1111	1381	218	271	3715	7385
1129	5	221	1	1321	487	261	105	3715	7386
925	139	191	28	1306	505	270	105	3716	7388
98	686	19	131	307	890	60	170	3717	10347
394	517	80	101	1220	1420	257	296	3721	11391
772	52	167	8	1340	1055	276	199	3723	7389
607	523	133	108	1103	944	234	191	3723	11246
73	1075	18	203	348	1344	74	259	3724	7389
368	1	78	0	512	162	107	32	3724	7391
572	177	119	34	811	435	165	85	3724	7393
348	1024	74	207	803	1509	164	300	3724	11246
1170	353	234	70	1529	694	300	132	3725	7391
773	83	151	18	1161	495	232	96	3725	7392
283	354	55	71	722	762	142	152	3725	12795
1	699	0	133	145	842	26	159	3726	7391
127	1455	23	279	240	1568	44	300	3726	7392
304	508	56	100	1028	1107	201	218	3726	7393
1028	85	201	16	1256	313	245	60	3726	7394
1261	1147	246	207	1527	1407	296	258	3726	7394
585	795	116	157	942	1535	183	300	3727	7395
942	1	183	0	1564	643	300	121	3727	7396
1	643	0	121	334	1172	68	229	3728	7396
211	19	42	4	402	203	83	44	3728	7397
402	271	83	52	593	464	119	89	3728	7398
938	6	187	1	1287	732	252	138	3728	7400
1377	1	270	0	1522	153	299	31	3728	7401
17	534	3	109	802	1279	169	261	3729	7401
824	1119	174	211	1119	1492	231	282	3729	7402
816	143	172	29	956	304	199	60	3729	7403
1135	543	216	103	1577	1485	298	285	3730	1769
421	1293	89	254	593	1471	123	289	3732	7393
1019	1146	203	227	1494	1345	298	267	3737	1572
65	808	14	150	749	1578	148	300	3737	12958
749	1	148	0	1494	676	298	142	3737	12959
11	1096	2	205	306	1382	64	267	3743	11581
67	668	15	137	272	783	57	159	3756	5951
279	674	58	138	405	799	83	163	3793	1030
948	1364	178	257	1561	1573	298	300	3861	7948
1	10	0	2	545	354	104	68	3862	7949
479	399	90	77	1523	1093	300	217	3863	7949
880	1183	165	234	1045	1350	200	269	3867	7949
400	1	75	0	591	189	112	36	3867	7950
432	900	77	174	1210	1588	219	300	3868	2628
238	94	38	17	763	1107	127	200	3870	2623
779	1	145	0	1102	323	212	66	3871	2628
39	954	8	175	226	1141	47	214	3872	2618
295	1108	55	217	506	1393	93	271	3874	11659
1037	444	194	89	1441	849	273	168	3875	1479
969	338	180	65	1441	591	273	119	3875	1530
1037	449	194	89	1441	1036	273	204	3875	1682
399	665	71	132	844	1470	157	284	3875	6232
1037	733	194	144	1441	1360	273	267	3875	10972
272	465	49	88	844	1030	157	194	3875	13486
475	1273	94	255	704	1491	141	299	3876	6819
883	1007	179	195	1434	1547	286	300	3876	6830
1400	406	276	72	1511	517	300	96	3877	5033
1184	326	230	68	1511	655	300	138	3877	6831
1	70	0	14	258	315	53	65	3877	6831
1	517	0	96	197	713	39	135	3878	5033
1	655	0	138	197	857	39	178	3878	6831
626	201	118	36	1332	914	242	160	3878	9103
1	844	0	156	455	1617	81	295	3879	9104
457	356	82	66	914	839	160	149	3879	9105
185	23	35	4	1429	1269	264	233	3881	9133
250	1	47	0	1429	1177	264	216	3881	13522
107	119	21	22	396	420	84	87	3882	9130
682	628	138	119	1013	930	199	175	3882	13525
1346	1294	256	242	1568	1516	300	286	3884	10031
1010	537	200	102	1196	729	234	138	3885	10031
129	1013	26	186	511	1393	106	264	3885	10032
76	240	13	46	354	518	71	104	3887	10033
285	1029	56	206	640	1348	129	270	3887	10033
16	307	3	58	1325	827	262	156	3892	14159
1	827	0	156	1184	1147	236	218	3893	14159
433	86	71	14	673	331	112	57	3894	13489
1351	264	232	54	1625	538	283	105	3895	13506
808	1	150	0	918	112	174	24	3896	13506
1550	151	273	24	1670	741	295	123	3902	13517
1	160	0	33	161	320	30	63	3911	13526
434	159	88	31	864	589	176	118	3911	13529
134	358	28	70	359	659	77	134	3912	13523
577	1131	121	230	676	1230	142	251	3912	13523
1	1173	0	211	445	1619	89	300	3913	10263
445	1	89	0	1047	604	205	115	3913	10264
1047	871	205	156	1527	1329	300	249	3913	13521
1	713	0	135	836	1551	164	300	3913	13526
836	1	164	0	1051	217	206	41	3913	13527
1	1329	0	249	129	1457	24	273	3914	13521
635	254	119	49	813	397	150	74	3915	9126
1	159	0	30	277	326	56	63	3916	2402
471	254	87	49	916	583	170	111	3917	9126
1315	1024	238	197	1420	1130	259	219	3918	14205
410	1232	75	231	777	1499	135	275	3920	14095
411	286	75	55	777	651	143	123	3921	14098
1274	1	219	0	1617	354	282	65	3924	12369
698	958	132	182	931	1191	178	228	3925	7546
1	377	0	70	422	684	76	128	3925	12369
623	865	116	161	1161	1219	228	236	3925	12370
1128	800	202	149	1399	1039	255	196	3926	12369
153	1242	28	240	883	1516	161	288	3926	12370
1339	389	255	77	1526	574	292	113	3927	6398
648	170	120	32	1565	1573	300	299	3927	6399
8	1	1	0	296	294	60	59	3928	6400
459	663	89	117	1455	1674	278	300	3929	9047
1455	1	278	0	1576	122	300	22	3929	9048
181	1022	33	199	452	1299	88	255	3929	9051
1	122	0	22	229	349	44	66	3930	9048
847	1299	157	255	1077	1527	203	300	3930	9051
1091	7	206	1	1551	461	300	92	3930	9052
442	863	84	172	821	1191	152	230	3930	9053
1	461	0	92	215	674	39	131	3931	9052
1135	828	207	157	1450	1144	263	212	3939	12224
166	325	31	57	1130	1359	202	243	3940	9889
91	1153	17	219	576	1543	107	292	3949	13847
622	1296	121	257	822	1492	165	300	3952	3430
822	1	165	0	985	178	202	41	3952	3431
408	873	71	161	633	1098	117	207	3953	10761
508	10	86	2	1301	444	236	88	3954	13313
1499	1275	274	237	1639	1415	300	263	3954	13318
121	351	23	70	917	906	184	190	3955	13319
839	535	167	97	1071	767	212	142	3957	11993
574	300	107	54	839	521	156	94	3962	11993
1065	184	198	36	1479	499	281	98	3971	12011
17	499	3	98	342	786	64	149	3972	12011
89	660	16	124	1049	1198	193	223	3974	12005
1220	608	221	116	1642	864	299	164	3974	14368
94	864	18	164	459	1014	93	196	3975	14368
971	179	171	33	1579	582	276	103	3977	14074
1506	273	277	50	1627	394	300	73	3978	3449
381	1222	67	242	727	1543	129	300	3978	3455
727	1	129	0	927	201	166	37	3978	3456
996	6	177	1	1312	230	239	47	3978	12012
996	438	177	83	1409	848	260	165	3978	14069
1	394	0	73	678	1071	129	202	3979	3449
1008	674	190	130	1330	904	249	172	3979	14070
640	943	124	177	1553	1518	298	284	3980	14068
9	1420	1	274	145	1552	28	300	3980	14069
145	1	28	0	583	216	113	42	3980	14070
1	1357	0	254	403	1589	79	300	3980	14606
403	1	79	0	640	239	124	46	3980	14607
131	1	23	0	577	397	108	76	3981	14069
595	954	111	181	1214	1566	231	300	3981	14070
1214	1	231	0	1561	348	300	69	3981	14071
363	252	75	48	986	636	197	123	3982	14070
1	348	0	69	148	495	31	101	3982	14071
1140	8	206	2	1609	408	289	79	3984	2447
672	1108	129	221	958	1316	185	261	3987	11775
1137	831	219	156	1581	1275	300	243	3988	8990
98	1053	17	199	259	1215	50	232	3988	8994
1	1275	0	243	276	1550	58	300	3989	8990
276	1	58	0	1571	1295	300	241	3989	8991
30	371	6	67	1153	1549	227	300	3990	8992
1153	1	227	0	1497	346	300	74	3990	8993
1	346	0	74	440	785	86	160	3991	8993
