b1	b2	bw1	bw2	e1	e2	ew1	ew2	seq1	seq2
899	824	182	164	1353	1239	272	247	8029	4
815	1176	154	235	1290	1473	252	296	2358	6
135	187	22	35	464	387	84	72	2366	8
239	422	42	76	550	601	103	111	243	11
449	671	95	129	1153	1296	236	253	247	13
1162	566	227	116	1344	731	262	150	246	14
121	369	21	78	764	883	149	181	246	14
176	994	30	195	346	1157	61	226	2373	16
772	1353	150	261	1221	1544	233	300	3559	16
65	95	14	16	372	272	74	51	3560	17
906	770	187	152	1179	1073	240	213	7254	17
732	1181	148	234	845	1317	170	260	8796	17
737	1229	145	243	1237	1513	241	300	6358	18
145	863	31	178	416	1135	84	231	252	19
435	10	85	2	696	170	138	35	6358	19
907	44	184	8	1379	467	282	98	2380	20
700	175	144	34	1131	632	231	127	5283	21
15	1037	2	196	173	1196	33	227	6365	22
870	810	158	149	1322	1141	241	211	253	23
569	292	113	55	800	541	155	100	6364	23
784	153	152	32	1095	403	211	80	932	24
201	336	35	64	557	675	104	128	6370	26
942	1075	182	203	1149	1324	222	252	8807	27
809	1167	158	230	1106	1443	223	285	9950	28
1	168	0	37	493	485	107	102	934	29
1018	65	200	13	1506	566	299	116	2390	30
685	98	129	21	939	507	181	104	2391	30
1312	647	253	127	1494	804	292	162	7275	31
1183	357	234	67	1474	576	292	109	7261	33
100	1285	20	253	399	1513	69	291	8058	33
418	764	82	147	757	1150	150	224	8062	33
572	260	110	45	749	407	144	73	8054	34
96	398	19	71	258	568	53	106	8059	34
937	583	186	110	1450	877	288	169	8634	34
720	965	136	187	933	1300	179	251	5291	35
36	579	7	111	472	787	91	151	5293	35
1191	49	235	10	1402	213	279	47	5293	36
704	221	129	50	1186	517	219	106	5721	36
5	832	1	170	461	1171	93	236	8064	36
193	769	36	157	689	901	139	184	8538	36
247	416	49	80	699	709	141	138	255	37
972	980	187	186	1267	1238	247	238	6382	38
460	715	90	147	598	892	121	185	6143	40
368	14	73	3	564	192	115	41	8824	40
366	572	71	113	503	699	97	138	8837	42
195	318	38	64	396	473	78	94	8838	42
494	1078	101	220	1053	1473	213	298	260	43
18	1153	3	235	365	1462	72	296	8088	43
1183	725	235	146	1434	881	287	181	935	44
935	873	177	173	1363	1193	255	230	8088	46
916	25	172	7	1144	234	214	46	2404	47
499	107	101	23	952	238	188	47	3051	47
820	334	165	66	1301	657	256	128	3738	47
1314	678	249	132	1565	839	300	168	6397	47
1	839	0	168	346	1206	71	242	6398	47
1242	310	244	62	1465	534	283	102	2408	48
845	481	169	100	998	636	195	125	3739	49
183	913	32	178	367	1084	70	213	4165	49
145	1296	28	257	609	1527	117	300	4721	49
643	505	119	99	1305	1530	247	300	27	50
1	116	0	23	378	320	75	64	5725	50
1284	486	243	92	1415	618	267	116	1403	51
978	848	175	165	1153	1285	211	255	1778	51
96	1056	17	206	491	1308	87	248	6401	52
257	1147	47	231	485	1359	92	275	8845	53
802	589	151	116	1315	900	255	180	2421	57
1378	1278	258	253	1603	1394	299	276	3563	57
731	1081	142	217	888	1518	175	300	3564	57
148	28	31	7	495	509	100	100	1692	58
986	1425	170	275	1108	1547	194	299	5729	58
989	806	196	149	1193	1048	234	198	3566	59
1103	947	230	183	1413	1118	293	217	3742	60
567	150	103	27	1116	464	207	87	4469	61
1138	283	215	57	1462	834	277	159	2431	62
1088	135	197	27	1198	245	221	51	2435	62
119	899	22	172	351	1120	63	211	4032	62
732	255	142	49	1346	649	262	123	2439	63
1230	838	223	164	1381	992	252	195	1411	65
1220	1	231	0	1564	455	300	85	4732	65
244	476	46	89	610	798	121	155	4733	65
83	414	16	80	337	647	67	126	5735	66
538	1355	99	262	714	1480	138	290	8102	66
7	1074	1	211	145	1197	30	237	1183	67
223	228	48	46	488	460	101	91	4300	68
469	77	92	15	844	379	165	72	6413	69
122	351	26	66	352	605	72	117	6416	69
1263	1146	239	223	1551	1410	293	272	8854	69
20	1	4	0	474	350	94	66	2451	71
1	1374	0	269	183	1533	34	299	4737	71
183	1	34	0	502	129	94	23	4737	72
257	323	51	63	502	577	99	115	5738	72
1	1260	0	248	186	1442	34	282	5228	75
988	144	183	30	1447	394	272	79	4741	76
74	632	16	125	442	872	94	176	6426	77
112	313	20	60	507	553	96	108	8642	77
758	647	154	128	1175	872	242	176	8871	77
1443	626	275	122	1567	750	300	147	8104	78
174	615	33	120	355	796	67	155	8880	78
94	1232	18	239	719	1426	131	277	2468	79
732	502	134	96	941	863	175	165	6202	80
43	1127	8	219	163	1320	32	256	1186	81
999	855	179	167	1301	1108	235	215	2459	81
641	479	115	95	1074	762	200	149	2463	81
601	267	103	54	936	458	169	91	2464	81
96	210	20	42	295	350	63	71	4034	82
543	410	103	84	898	692	170	141	6431	82
1316	1093	254	213	1481	1261	287	247	7303	82
1289	1261	258	247	1502	1478	300	289	7305	82
1	721	0	138	242	1177	52	232	947	83
206	1	37	0	781	525	146	100	7306	83
1315	6	254	1	1545	225	300	45	4744	85
1196	448	227	87	1411	661	273	131	5230	85
1279	322	246	62	1530	526	300	107	8110	86
1352	1032	262	209	1522	1426	294	285	7738	87
1162	337	224	67	1465	604	288	126	9959	87
333	315	65	56	1042	873	209	167	4753	89
769	857	146	167	1523	1384	296	276	267	90
1335	119	248	23	1459	243	273	48	1446	90
1347	400	253	78	1600	636	300	124	7312	90
264	623	48	118	774	1033	141	193	4759	92
569	906	113	174	1055	1107	207	210	1806	93
1396	901	256	173	1607	1048	293	199	2290	93
282	846	52	164	637	1023	116	199	7316	94
1274	1035	244	201	1445	1204	277	234	7317	94
232	1035	42	201	404	1204	75	234	8175	94
318	222	55	45	503	495	93	100	3751	96
99	691	19	138	459	845	92	168	4765	96
180	1356	37	266	366	1500	75	295	2484	97
6	38	1	7	160	179	34	37	2484	98
1025	402	188	82	1398	625	261	125	8127	98
713	599	133	114	881	735	167	142	279	101
543	793	103	154	961	1152	184	225	2489	101
191	1293	37	251	343	1419	66	273	2490	101
170	453	34	90	1146	871	220	171	2491	102
620	1183	119	231	1049	1357	200	265	6447	102
687	494	137	98	1062	758	214	152	5298	103
1237	694	230	135	1571	1053	296	203	7329	104
472	1091	85	211	1068	1400	198	266	8132	104
484	247	91	47	634	460	119	87	5232	105
220	500	41	95	577	787	116	155	6454	105
945	534	178	105	1136	784	215	152	6456	106
1233	1029	248	199	1445	1194	286	231	7332	106
1345	62	266	14	1506	196	299	41	8137	107
1143	1255	226	243	1446	1472	285	285	8922	107
476	923	87	180	1187	1242	229	240	8923	107
1401	847	276	166	1524	970	300	190	8911	108
1194	497	222	95	1587	788	300	154	8915	108
366	244	74	47	670	488	131	93	8918	108
353	356	65	68	559	488	102	93	8919	108
559	443	106	86	1060	606	203	120	287	109
735	168	138	31	1191	431	227	84	3002	109
190	347	37	71	930	1072	180	211	291	111
691	165	133	33	925	310	182	63	292	111
457	1255	85	249	605	1402	114	277	294	111
367	1333	72	251	705	1568	142	300	8651	112
1221	129	226	27	1562	311	290	59	8650	113
1072	1120	208	214	1475	1481	284	284	8930	113
1332	746	237	148	1481	893	266	175	2509	115
1	1140	0	224	314	1403	63	278	1823	116
659	411	119	82	1086	786	213	163	5303	117
243	1137	42	230	506	1356	94	273	6470	117
1231	568	226	111	1416	731	266	146	2302	118
317	466	61	88	1113	1338	219	264	7340	119
86	601	12	111	486	861	82	157	7350	120
645	545	125	105	858	746	166	146	1827	121
1184	922	226	179	1389	1208	268	237	2522	121
61	457	11	93	212	632	42	127	2519	122
698	1190	134	228	824	1318	160	255	8945	124
590	534	107	103	1051	782	189	147	8946	124
1104	842	213	163	1316	1029	254	198	4776	125
602	1139	116	226	853	1331	164	263	2532	126
1335	590	247	115	1468	783	272	151	827	127
562	1213	98	230	730	1442	129	273	2538	127
770	595	138	116	1342	783	241	151	7071	127
130	718	21	135	672	1224	131	235	6479	128
297	243	57	45	530	623	106	123	2539	129
491	797	99	149	1279	1120	257	214	313	130
860	1061	158	202	1206	1414	227	271	318	130
1448	1	261	0	1659	194	300	35	314	131
1	194	0	35	242	585	44	105	315	131
6	958	1	176	566	1190	103	218	318	131
208	392	36	85	820	767	158	159	1424	132
305	1038	55	210	644	1406	116	275	1839	132
1286	577	229	110	1494	968	270	180	7358	135
245	577	41	110	848	785	155	150	8653	135
676	14	125	2	928	169	173	31	8956	135
16	297	3	55	176	450	35	86	8960	135
1169	990	226	181	1365	1155	263	212	3580	136
485	674	97	132	1106	1301	216	254	7361	139
148	77	28	14	519	338	102	61	7363	139
422	904	77	176	1064	1386	205	269	324	140
74	30	13	6	716	240	130	47	2547	140
715	402	139	72	885	705	175	138	320	141
148	284	25	50	358	496	70	96	8150	143
1322	1037	238	200	1658	1233	300	234	3584	145
1163	474	223	92	1507	812	286	155	1851	147
108	673	22	126	374	999	74	192	1853	147
1279	155	242	28	1592	414	297	76	2550	148
607	876	110	164	1000	1425	191	273	6501	148
1	7	0	1	601	545	109	100	6501	149
167	1005	30	201	366	1202	67	238	3766	151
703	490	137	96	1587	1202	300	231	2673	152
1	1202	0	231	232	1432	43	274	2674	152
1199	191	228	38	1567	435	300	85	4480	152
206	444	41	87	942	1028	180	197	4481	152
1330	937	257	181	1551	1247	300	239	4481	152
795	378	154	73	1154	712	218	134	6206	153
953	948	173	178	1451	1250	275	239	6507	153
156	1387	27	267	382	1542	73	299	6510	153
1061	1270	203	244	1271	1434	246	278	8160	154
558	680	114	135	920	917	193	186	5319	155
1	928	0	188	236	1145	48	233	5320	155
235	263	44	52	333	404	65	81	8971	155
526	1	108	0	787	263	160	52	8972	155
634	772	126	150	1071	1190	216	233	347	156
322	515	65	102	602	773	117	150	2576	157
1138	886	212	171	1359	1063	255	205	3589	157
260	1150	42	220	550	1449	99	279	3590	157
301	51	58	10	710	333	132	65	3592	158
282	601	52	116	505	807	95	156	6518	158
769	388	142	74	970	572	180	111	6519	158
978	800	194	155	1157	1012	226	192	7373	158
522	862	97	165	829	1031	156	198	1203	159
284	735	52	144	1087	1149	201	224	354	162
6	89	1	17	156	314	30	63	4049	165
314	1386	56	271	466	1525	86	298	5326	165
366	350	71	65	983	712	194	135	5323	166
52	1162	10	229	625	1358	125	270	7382	167
327	852	55	166	612	1022	113	201	7384	167
1389	536	262	102	1573	689	300	133	7377	168
1	689	0	133	236	922	48	180	7378	168
867	92	164	17	1141	365	218	69	7388	168
315	991	62	193	477	1261	97	251	8985	168
1225	511	230	100	1570	806	300	160	5763	169
570	1118	112	218	1109	1487	219	289	5764	169
1065	760	214	151	1291	990	257	195	361	170
557	932	106	183	1173	1471	216	283	363	170
1045	714	200	140	1387	895	262	172	359	171
62	900	11	173	663	1357	125	257	360	171
951	867	172	168	1144	1102	210	214	2597	172
860	1270	173	251	1271	1436	260	288	3772	173
562	931	106	183	803	1183	156	233	3775	173
28	496	5	101	281	812	56	163	6212	174
106	856	22	172	355	1397	71	278	7395	174
1095	274	215	53	1469	690	279	124	8174	175
1	690	0	124	1057	1457	205	267	8175	175
103	850	21	159	294	1079	60	206	2601	176
708	1	139	0	934	310	179	54	8177	176
471	267	93	48	1003	846	196	164	8997	178
1193	241	223	46	1412	598	267	112	2608	180
1	851	0	163	578	1336	115	260	4178	180
499	30	99	5	952	380	189	74	4175	181
887	857	164	167	1082	1012	204	201	4487	183
776	486	153	98	1334	806	265	161	62	184
320	1280	63	255	444	1406	87	279	1877	184
138	947	27	189	577	1215	116	242	2618	184
1143	344	219	68	1261	477	244	96	7399	184
406	78	77	15	568	226	109	44	7399	184
17	684	3	132	282	887	58	174	2621	185
993	667	190	129	1398	1117	273	220	5333	186
7	1164	1	228	161	1317	29	256	6534	186
532	83	99	16	1283	600	252	119	9007	188
1083	1370	221	256	1236	1547	251	292	5771	189
885	171	164	32	1565	929	293	171	5772	189
509	1016	99	189	1426	1444	272	272	5773	189
79	976	15	190	859	1445	167	280	6538	190
1380	555	262	103	1529	760	292	145	7405	192
380	1092	72	213	712	1380	136	271	7407	192
97	469	21	90	198	603	42	117	1213	193
1	1252	0	245	680	1528	127	300	5339	193
680	1	127	0	1015	271	187	50	5339	194
15	1319	3	257	195	1534	40	300	5781	194
1053	1340	191	262	1276	1534	236	300	7413	194
1	637	0	131	778	1198	154	248	6548	195
564	1	116	0	964	259	199	55	6545	196
1	811	0	165	268	1348	50	268	6553	196
503	1	93	0	1204	258	232	52	6554	197
434	314	76	63	905	746	169	149	7409	197
841	175	167	35	1356	622	265	120	4325	201
1098	9	215	2	1298	168	254	33	6559	202
40	273	9	53	249	470	51	93	6560	202
9	679	1	135	451	904	87	181	7417	202
160	1120	31	222	461	1325	89	261	7423	202
41	461	8	94	575	710	115	141	9019	203
1	980	0	198	362	1256	70	254	9021	203
154	975	29	176	486	1161	98	212	8192	205
568	1161	100	212	847	1428	162	270	8193	205
708	334	136	65	1024	460	202	92	391	206
832	1099	171	219	1450	1338	298	269	1219	206
52	77	10	14	187	220	41	46	2637	208
756	508	137	106	871	647	161	135	2642	208
794	98	143	20	933	228	169	43	3782	209
906	338	177	64	1086	537	216	105	9032	211
558	771	102	161	1042	1008	196	205	4328	212
52	107	11	21	322	295	68	59	8198	213
830	974	163	180	1013	1133	198	210	1098	215
693	67	130	12	1186	387	218	72	2650	216
99	670	18	122	545	1097	101	203	4496	216
1281	443	241	88	1525	808	289	156	6584	217
10	431	2	84	524	711	93	133	7429	218
578	7	111	1	836	222	161	45	6587	219
781	56	149	12	1203	578	225	110	400	221
645	998	118	191	1088	1549	204	299	1224	221
1	675	0	128	479	1077	100	210	1226	222
1	147	0	24	823	527	162	98	1227	222
17	36	3	7	423	330	90	72	2659	223
1348	477	239	99	1498	617	268	127	4064	223
228	1136	46	231	579	1383	115	279	4499	223
301	938	54	186	756	1079	136	214	5351	225
897	20	168	5	1571	827	300	162	5352	225
1	827	0	162	110	934	23	185	5353	225
159	367	31	74	430	548	83	108	5802	226
136	17	30	3	410	356	85	70	7442	227
1369	416	258	84	1594	620	300	124	7442	227
886	928	168	175	1279	1219	244	234	5356	228
215	764	41	144	345	920	66	174	5357	228
150	785	32	150	521	1030	105	201	4067	229
83	1258	13	242	383	1426	68	272	4806	229
688	1013	138	202	895	1231	174	240	2665	230
914	21	178	4	1059	170	205	31	2665	231
681	540	130	110	1009	824	191	162	1888	232
792	18	146	3	1247	265	234	54	7450	232
932	95	169	18	1077	242	196	46	2669	233
570	684	100	130	1417	1145	251	216	7453	233
1	913	0	178	317	1307	59	247	74	234
1105	83	218	15	1313	257	257	48	2679	235
854	591	161	121	1156	876	222	179	2680	235
1287	955	240	195	1576	1128	300	232	4501	235
1	1128	0	232	431	1450	83	294	4502	235
1000	80	188	16	1296	328	249	60	4503	236
766	1186	149	227	1104	1379	218	266	7455	236
453	1406	89	271	623	1555	121	299	7457	236
57	1157	12	224	539	1353	105	264	964	237
297	159	57	30	477	369	95	74	7456	237
1263	554	230	107	1417	712	260	138	5369	238
37	393	6	77	467	870	88	167	5370	238
375	1199	75	236	634	1317	128	261	5808	238
18	98	2	16	248	379	40	64	5809	239
245	1449	47	269	462	1609	88	299	5811	239
389	1314	77	252	557	1558	108	296	1233	240
1177	953	222	182	1399	1185	265	229	4194	241
1272	953	245	182	1498	1276	289	245	8809	241
573	480	111	95	704	634	138	127	5374	244
728	1048	140	212	1399	1349	270	268	5390	244
1271	1	241	0	1485	222	281	41	5377	245
955	1101	191	204	1392	1360	278	256	5812	245
1381	242	276	50	1493	360	300	76	5812	246
668	242	112	50	1039	488	187	99	5814	246
1197	1	228	0	1499	563	294	115	5817	246
429	1286	83	252	743	1476	142	289	6609	246
1	1046	0	203	408	1296	77	252	2684	247
1	415	0	81	362	584	73	116	9072	247
1054	196	207	39	1516	742	299	147	2688	248
540	982	104	196	969	1208	187	242	3795	248
1322	945	244	186	1575	1081	293	212	1698	251
934	1243	169	244	1213	1429	228	285	2692	251
1363	98	253	18	1609	351	300	66	8210	251
1	351	0	66	107	457	22	88	8211	251
1	339	0	69	493	655	104	131	2697	254
728	184	142	36	1000	552	195	105	423	255
251	1112	49	209	893	1360	172	258	2702	256
989	1303	182	255	1172	1471	216	285	1241	257
1013	27	183	6	1221	219	224	46	2706	257
369	1062	72	211	725	1280	135	250	2711	257
826	27	147	6	998	219	182	46	6991	257
539	1083	98	217	1052	1189	199	239	3804	258
276	5	50	1	441	163	82	32	6631	258
973	333	186	71	1136	505	219	106	5824	259
1076	512	213	108	1465	963	293	202	6631	259
1	98	0	20	184	283	34	55	9090	260
588	1323	113	253	714	1497	141	289	81	261
1	297	0	54	528	491	108	93	8219	261
866	727	167	132	1019	879	199	164	2715	263
797	370	146	67	1476	610	278	115	7469	265
407	135	76	23	568	318	107	57	7470	265
830	886	166	172	1248	1283	253	256	9100	267
22	423	4	82	242	612	51	121	9100	267
1292	833	233	160	1561	1071	283	207	86	268
121	234	21	47	274	410	51	80	6641	268
1186	456	227	90	1510	756	290	146	7472	268
591	316	109	63	1544	839	293	167	5401	269
73	714	13	141	717	1086	136	211	5402	269
69	177	15	32	427	347	87	68	6644	272
64	105	12	20	666	305	132	63	1107	273
384	1198	71	240	584	1363	110	273	5834	273
1194	364	229	63	1404	514	270	90	7479	274
703	864	137	157	1345	1233	258	223	8228	274
766	27	152	5	983	226	197	49	2740	276
611	919	127	175	1140	1107	231	213	7490	277
1228	307	242	57	1456	489	285	92	7491	277
642	1107	127	213	1116	1434	231	284	9125	277
499	231	101	46	1508	640	298	125	2732	278
28	1262	5	246	175	1404	35	275	7482	278
753	418	142	74	1389	794	263	139	8233	279
1286	18	243	4	1443	173	274	35	2743	281
446	867	84	171	825	1086	158	213	441	282
697	31	122	7	1063	189	195	39	1441	282
548	398	107	79	742	871	144	166	2756	285
1103	1185	211	232	1544	1445	295	283	2758	287
1323	434	256	79	1540	642	299	119	6655	287
1143	844	211	159	1360	986	257	189	6657	287
1130	1041	220	206	1390	1305	272	259	7495	288
140	346	28	69	464	605	90	119	7495	288
605	1213	116	236	780	1519	150	297	5843	289
427	1361	87	263	715	1542	145	300	9153	291
715	1	145	0	1356	163	269	35	9153	292
393	408	75	77	665	762	120	141	461	293
119	1230	23	232	518	1360	100	259	462	293
421	584	76	111	1272	903	243	174	1898	294
1006	1	180	0	1341	281	248	57	4336	295
681	296	128	60	1236	674	233	130	4340	295
537	5	112	1	1044	149	212	32	9420	295
628	1062	117	205	790	1328	146	251	4845	296
389	391	70	73	752	812	142	157	5845	297
767	1036	142	200	983	1225	182	236	6664	297
681	552	135	109	1095	721	215	142	9160	298
135	1221	23	238	402	1494	73	290	471	300
10	178	2	37	139	307	26	61	1110	300
1255	361	237	72	1441	569	271	112	1900	300
709	768	142	151	845	891	172	177	9166	300
237	178	40	35	582	373	107	71	1263	301
406	856	75	164	916	1262	175	243	3826	301
89	1325	17	256	326	1559	62	300	4859	301
346	48	66	8	987	172	187	33	4859	302
941	405	176	79	1409	636	269	128	4861	302
939	659	183	132	1274	963	248	192	4863	302
93	535	18	106	702	863	132	165	9168	304
1179	973	238	184	1513	1373	300	258	6345	305
43	236	9	44	1596	1331	300	250	6680	305
58	213	11	41	229	383	43	73	6683	306
770	1174	138	225	1022	1399	188	268	7505	306
86	107	16	19	220	236	44	46	7508	307
820	1	148	0	1605	599	291	110	1452	308
288	406	59	84	654	520	137	108	4868	309
431	159	80	35	1147	531	211	107	9177	310
946	618	188	111	1495	1132	300	213	6686	312
1	1132	0	213	189	1342	39	255	6687	312
283	1388	52	265	457	1553	89	300	6691	312
1142	86	217	16	1274	222	242	42	6685	313
801	629	147	121	1047	817	190	154	8256	313
751	318	135	62	1529	1123	292	218	1908	314
115	211	22	40	800	885	150	169	1909	314
943	1213	179	235	1060	1409	204	276	4207	314
194	347	36	67	396	625	77	122	478	315
828	912	156	177	1025	1049	193	204	4343	315
850	358	155	66	1104	553	204	105	5422	317
538	456	106	91	1025	686	204	138	482	318
1473	1222	266	237	1607	1359	291	263	1111	318
1229	1	226	0	1484	185	276	37	9190	318
94	1	17	0	250	150	47	31	3832	319
1270	206	243	41	1423	355	275	71	6696	319
1156	526	212	101	1587	1017	300	202	7523	319
109	306	23	60	327	521	68	106	1113	320
1004	208	191	40	1330	382	255	76	4879	321
908	642	159	128	1389	1019	249	200	5239	321
835	1285	169	251	1184	1465	236	283	5425	321
427	6	85	1	648	157	128	30	5424	322
180	1438	37	278	281	1540	59	300	488	323
281	1	59	0	683	301	140	60	488	324
378	613	68	121	1220	987	223	197	4523	324
756	143	148	24	1534	425	300	77	5856	325
367	990	65	185	719	1309	137	250	5860	325
1092	1319	206	241	1236	1462	236	271	1457	326
356	1094	69	208	746	1307	143	252	4347	327
800	751	156	153	1042	902	200	184	8263	328
45	384	10	76	219	512	48	105	8263	328
493	680	91	135	1403	1109	258	214	4349	329
1	1291	0	250	152	1518	31	296	4884	329
926	843	173	163	1562	1178	297	230	6704	330
409	131	82	24	885	439	178	86	7531	332
348	1	71	0	679	147	134	27	9202	333
999	483	183	95	1221	646	223	125	1467	335
945	52	179	9	1127	233	214	44	1476	335
341	811	63	159	890	1215	168	242	1921	335
210	1	39	0	415	207	78	39	4885	337
112	710	19	139	281	837	52	164	5242	337
895	1212	163	228	1048	1380	192	258	500	338
392	215	77	39	699	404	137	76	9216	338
742	811	149	158	999	1274	198	252	5867	339
82	276	17	52	369	532	75	104	8268	340
825	997	164	190	1475	1553	293	300	9207	340
259	1300	51	252	396	1459	79	282	9211	340
706	517	134	104	1254	1099	242	217	8663	341
1352	210	259	42	1503	337	291	69	9208	341
115	210	21	42	438	509	83	102	9209	341
250	147	48	29	438	334	85	66	504	342
1168	362	214	76	1315	525	244	109	508	344
732	525	145	109	1046	859	207	175	510	344
432	758	90	146	746	989	154	193	1478	346
1077	816	192	161	1301	996	236	198	5437	349
1	1067	0	214	585	1353	107	268	5439	349
681	1	131	0	818	140	160	29	5882	350
488	10	91	2	627	131	118	27	1708	351
430	179	76	34	907	510	168	98	2733	354
994	761	194	146	1216	942	238	182	9231	354
704	858	130	172	1040	1110	197	221	6724	356
1005	1286	205	255	1250	1420	256	283	9237	356
346	768	63	145	1071	1149	206	219	2784	357
572	1	108	0	1026	190	194	34	9236	357
406	329	69	63	977	508	180	96	6727	359
957	650	177	125	1562	1026	293	199	970	361
722	1297	131	251	1082	1440	195	281	1485	361
79	717	15	135	998	1106	187	204	1481	362
444	456	81	86	685	717	126	135	1485	362
1256	283	238	54	1583	517	298	97	4530	363
395	1164	70	220	676	1381	127	263	4531	363
266	1426	53	272	407	1564	82	300	4899	363
407	1	82	0	709	245	142	46	4899	364
811	562	148	109	1074	814	198	157	4901	364
1128	1378	220	267	1299	1539	254	300	4902	364
308	910	56	175	609	1216	115	235	4903	364
1144	379	227	75	1434	670	280	128	5892	365
1	1013	0	192	190	1472	35	275	6733	365
80	169	16	33	273	342	53	65	6734	366
701	1339	131	259	854	1463	161	283	8666	366
1	891	0	168	191	1083	37	205	4905	368
377	725	76	144	538	868	111	174	8286	369
992	1084	196	216	1119	1240	223	250	2802	370
594	951	101	187	808	1156	142	226	6743	371
155	519	26	102	781	848	152	170	6744	371
659	337	127	64	801	485	154	92	2810	372
309	529	57	99	1033	1165	205	223	1947	373
386	1156	71	222	891	1469	175	285	1951	373
532	527	99	109	1428	1088	262	213	5450	374
1043	998	190	189	1455	1469	270	276	1491	375
170	1479	36	278	317	1592	65	300	1492	375
317	1	65	0	932	256	176	50	1492	376
390	1	71	0	542	143	102	30	363	378
673	334	127	65	873	537	169	107	5451	378
326	756	62	149	656	1105	131	222	5897	378
356	454	74	84	501	651	102	121	9256	379
362	978	75	190	1128	1456	216	279	1960	380
551	10	101	2	775	218	151	49	1958	381
7	433	1	90	276	677	56	139	1960	381
588	1024	106	211	961	1403	178	290	8293	381
485	519	94	103	1289	1043	255	205	9264	382
1	337	0	66	442	701	79	132	2831	383
215	778	43	147	389	1097	76	203	2832	383
376	656	69	123	647	820	118	153	4913	384
191	1295	39	247	345	1401	72	271	5458	384
903	708	180	134	1166	947	233	184	8669	385
714	253	125	49	996	516	178	98	8670	385
894	1	166	0	1352	256	251	49	6249	388
211	852	42	170	605	1272	118	249	981	390
352	5	66	1	608	275	112	49	7573	393
976	1300	187	246	1185	1543	232	299	7580	394
238	445	43	81	475	604	88	108	2844	396
874	661	169	121	1164	994	230	184	4919	396
309	203	59	39	1193	1024	239	202	4922	397
987	1156	189	230	1256	1503	244	300	4923	397
475	682	85	128	652	827	120	156	8307	398
887	230	163	43	1299	515	236	94	2845	400
252	1012	52	191	634	1397	123	265	8316	400
354	1	70	0	1454	635	285	119	8309	401
844	742	166	142	1334	1075	265	209	8311	401
207	750	42	144	469	1306	94	255	8312	401
148	775	24	152	761	1340	141	261	2942	402
597	230	114	44	749	358	147	71	8674	402
208	541	40	107	400	725	76	143	8676	402
643	500	126	94	1291	844	254	162	1976	404
644	357	120	68	997	948	190	182	1978	404
622	41	106	7	790	181	140	36	2853	406
1097	936	207	182	1315	1123	250	220	5912	406
777	1160	139	220	1049	1376	196	265	7599	407
205	920	41	184	1043	1487	209	300	9300	408
1043	1	209	0	1189	164	236	31	9300	409
1256	879	233	164	1504	1141	275	214	1508	410
980	952	185	194	1140	1115	217	226	4930	412
76	1	16	0	507	151	101	26	6258	413
68	191	13	34	333	372	60	67	7595	413
282	602	44	111	506	828	88	157	8677	413
1025	837	199	159	1296	1042	250	197	8679	413
470	418	88	80	896	598	168	114	8324	414
11	954	2	176	365	1160	72	217	2864	415
927	884	173	175	1099	1067	210	213	4550	416
599	197	119	39	727	325	145	65	555	418
1121	884	213	183	1445	1027	276	210	561	418
196	337	36	68	619	534	122	107	2321	418
217	287	41	53	340	428	67	83	560	419
1184	400	218	67	1330	554	248	98	1717	420
200	49	35	9	447	404	79	68	1717	420
482	1048	86	201	766	1262	139	241	4938	421
1392	42	259	9	1606	278	300	55	4934	422
1	278	0	55	426	710	85	139	4935	422
470	724	98	142	1379	1073	274	208	5478	422
1257	1207	245	233	1399	1345	272	259	5481	422
563	203	105	40	762	401	147	82	5476	423
814	455	156	93	1302	867	252	173	5480	423
1044	1168	191	227	1435	1536	264	296	5917	423
1291	1128	240	220	1410	1251	262	243	5919	423
1	1062	0	206	423	1276	88	253	5919	424
656	28	128	6	1064	526	212	106	5924	424
130	1329	25	245	791	1538	149	288	7612	425
239	1	46	0	590	261	111	48	7612	426
1003	626	203	123	1377	936	281	185	9317	426
417	112	83	21	1532	531	300	103	8330	427
510	161	103	34	754	353	154	74	4558	429
1218	864	238	180	1549	1033	300	212	9324	429
1094	536	198	106	1621	836	299	165	2885	431
39	741	6	139	525	922	105	175	4942	432
1154	1213	223	235	1499	1533	290	299	5484	432
1262	1044	237	199	1436	1226	269	232	4945	434
317	1309	60	249	785	1513	155	291	5490	434
172	1203	35	244	298	1320	62	269	5121	435
1083	16	216	3	1314	292	261	58	5488	435
1212	1203	245	244	1359	1342	277	274	9327	435
340	1032	68	208	636	1451	131	297	9328	435
249	848	46	165	573	1400	105	276	4216	436
219	955	41	193	441	1106	88	225	5928	437
1260	1032	244	198	1495	1252	293	244	2901	438
1	14	0	3	227	235	40	43	5933	438
759	578	152	118	991	892	199	181	6263	439
231	1317	45	263	413	1507	81	300	9331	440
15	731	3	139	219	884	49	172	9335	441
1071	987	214	192	1505	1235	297	240	9335	441
339	517	62	101	612	761	114	148	2904	442
1286	15	249	3	1540	224	300	45	6787	443
93	250	18	50	228	403	44	80	6788	443
832	1	154	0	1375	231	262	46	7640	443
1	108	0	22	259	358	54	74	116	444
176	683	33	145	416	938	77	193	4670	445
507	896	94	185	1075	1481	203	300	5937	445
869	129	164	28	1517	387	300	82	5938	445
1001	687	188	146	1197	883	223	182	5940	445
169	1095	34	218	445	1239	94	253	583	446
1134	425	208	81	1443	815	271	160	2912	447
554	1039	110	192	823	1225	163	228	9341	448
1004	968	204	183	1244	1215	249	229	1991	449
922	585	176	112	1240	968	236	183	1993	449
505	1	97	0	793	571	151	110	1993	450
1286	1278	246	249	1509	1473	292	290	1993	450
1177	864	227	166	1513	1176	296	230	1995	450
270	595	52	114	709	945	139	181	1995	450
216	37	42	8	578	566	110	108	2909	451
1019	1005	194	194	1429	1384	278	271	9338	451
1	1332	0	261	225	1540	41	300	9339	451
1170	421	222	86	1392	585	265	117	588	454
1249	620	246	124	1487	796	293	158	590	454
178	1428	35	276	300	1544	60	300	1522	454
997	1155	185	227	1315	1428	243	276	1523	454
305	1285	59	242	787	1562	159	299	2915	455
5	619	1	120	286	846	54	158	2917	455
230	140	41	30	390	299	73	62	2918	456
1055	287	196	57	1561	433	298	87	126	458
49	1328	8	266	225	1503	42	299	2930	458
958	1118	189	224	1146	1319	226	264	9352	458
351	1190	67	220	772	1447	146	268	596	460
1272	977	253	177	1485	1180	294	218	9350	460
1030	1203	194	231	1297	1441	249	280	2933	461
789	1002	159	190	1435	1232	282	237	2935	461
1126	287	210	55	1358	522	254	101	5498	462
1	215	0	39	940	806	183	157	5501	462
1085	1254	211	248	1261	1440	242	280	6799	463
267	85	53	18	471	253	95	52	7629	463
162	739	30	146	314	934	61	185	9356	463
419	1252	79	239	725	1549	139	300	2939	464
91	1045	16	201	311	1346	60	263	1535	466
8	219	1	42	452	601	83	114	2944	468
141	647	27	124	403	839	78	163	5505	468
490	1031	86	197	1229	1414	233	272	8343	469
737	197	132	38	944	377	173	74	9361	470
1114	863	208	169	1307	1048	247	206	600	471
1392	1048	257	206	1608	1246	297	243	602	471
118	495	25	92	508	719	106	139	1537	472
645	24	120	4	780	161	146	31	4969	473
1409	328	256	62	1609	471	294	91	5957	473
1032	946	179	192	1270	1062	223	213	7634	473
230	127	42	22	1220	655	235	122	9363	474
1243	263	231	47	1489	491	285	89	9364	474
832	1252	154	252	1059	1447	201	290	7640	475
995	550	195	114	1306	813	255	165	2955	476
443	1266	77	246	848	1531	163	300	4974	476
661	68	127	15	809	259	160	58	9369	476
170	9	36	2	997	292	205	60	4979	477
860	427	160	86	953	521	181	107	7643	477
582	391	111	74	1296	783	250	150	2962	478
1053	1045	203	195	1447	1373	281	258	2959	479
24	687	4	132	770	1017	142	189	9372	479
1215	1191	228	244	1532	1440	289	291	2965	480
851	627	168	116	1116	896	225	172	5515	481
88	201	16	38	370	493	66	91	9374	481
649	635	116	122	1408	949	256	181	2969	482
64	1179	12	227	382	1564	71	300	4566	482
428	276	85	53	730	691	146	136	8350	483
1134	72	216	14	1335	253	253	47	9379	484
362	382	63	74	514	550	97	111	9383	484
368	976	73	185	704	1203	138	231	621	485
1020	664	188	124	1291	965	242	183	623	485
326	59	62	11	630	325	123	63	625	485
206	817	45	160	667	1220	141	244	2972	486
10	325	2	66	273	591	54	118	2973	486
1243	602	226	120	1444	806	264	158	2973	486
557	770	113	148	685	872	142	172	2975	487
992	409	183	83	1507	925	284	182	5517	489
580	878	113	173	1119	1057	212	205	5519	489
1303	1303	256	248	1455	1454	289	281	1123	490
703	677	127	130	917	831	168	160	3856	490
1327	496	261	97	1484	684	289	131	5516	490
549	1	107	0	839	255	162	49	5519	490
762	364	140	71	915	500	171	98	5520	490
185	1239	34	243	630	1525	118	298	2982	491
638	113	124	22	1193	466	233	95	5522	493
1152	942	224	187	1356	1228	266	244	6813	494
204	581	37	116	441	772	79	148	2984	496
156	86	29	20	863	378	171	76	8360	497
673	88	128	17	1307	545	245	106	130	498
1159	576	218	113	1537	782	291	152	2987	498
1097	1112	220	215	1516	1421	300	274	6819	498
16	462	3	86	342	847	65	164	1549	499
1044	958	203	184	1160	1073	227	208	5961	500
1108	1010	217	199	1376	1183	273	236	1726	501
1205	1258	225	250	1430	1472	267	292	5002	501
629	46	114	9	801	194	145	36	5966	503
1230	950	226	183	1336	1059	248	206	2029	504
4	274	1	52	108	391	23	77	5530	506
767	1259	152	243	1040	1422	211	279	7660	507
1253	111	237	21	1413	277	270	56	7663	508
451	1057	88	214	619	1190	123	242	6825	509
121	590	20	113	434	828	81	159	1728	510
140	903	27	174	1021	1202	198	233	3861	510
250	1	47	0	480	141	92	27	9403	510
914	809	185	161	1064	997	217	200	2997	512
791	1064	142	205	1580	1386	289	268	638	513
696	129	148	24	865	461	184	90	7668	513
21	135	4	24	195	430	39	84	5545	515
1061	569	205	110	1307	765	256	150	5987	515
792	342	146	68	1539	632	287	124	3000	516
78	1089	16	217	623	1416	127	285	9412	516
525	544	96	102	1425	1332	268	253	5339	518
530	747	105	145	680	958	139	191	3006	519
1	42	0	9	204	194	39	40	3016	520
955	1350	180	262	1211	1519	232	297	3016	520
1019	621	183	121	1209	1035	223	204	4336	520
472	566	98	109	1061	1048	215	207	9420	520
426	1	81	0	566	240	108	43	5547	521
1288	1072	253	207	1522	1322	297	253	3029	525
818	904	158	178	981	1083	190	213	3033	526
913	1151	175	233	1155	1295	222	261	3866	528
765	1267	146	247	943	1411	181	276	6850	529
865	1272	169	238	1229	1566	245	300	6278	531
959	1	195	0	1476	469	298	95	662	534
916	1188	172	233	1309	1469	247	288	2404	534
534	1234	107	243	790	1494	158	292	3051	534
294	530	55	97	812	903	157	169	3640	535
554	998	105	188	663	1105	130	212	7692	536
375	771	79	143	843	1382	170	264	7693	536
666	295	121	57	1165	1198	220	229	2045	537
463	449	93	86	657	697	133	137	9433	540
437	422	92	80	749	979	161	195	9441	540
1	28	0	5	371	272	72	54	9444	540
837	280	159	55	1380	591	259	114	3057	541
582	862	121	173	783	1114	164	228	3059	541
1	286	0	49	240	508	48	91	5997	542
467	1098	88	216	814	1234	159	244	675	543
37	1234	8	244	568	1472	111	292	677	543
817	672	151	130	1045	890	192	169	3069	544
1374	541	256	112	1579	729	294	148	3068	545
161	32	32	6	1250	368	253	76	3071	545
943	1273	177	256	1217	1424	230	286	4089	545
937	86	181	16	1115	242	214	45	4088	546
567	312	109	59	830	601	161	117	4091	546
45	748	8	149	283	1004	53	198	4221	546
427	748	76	149	679	964	124	190	4375	546
1175	1414	230	267	1424	1583	280	300	4362	547
1408	55	277	11	1520	168	300	34	4362	548
1	168	0	34	206	515	40	103	4363	548
930	1333	172	253	1145	1453	215	277	171	549
447	112	86	21	804	460	154	87	4363	549
917	581	182	111	1119	753	220	144	4366	549
454	1333	91	253	706	1512	139	288	4378	549
116	545	23	107	321	730	64	143	4374	550
852	432	170	87	1098	872	220	177	4368	551
744	48	142	9	998	290	195	59	4370	551
747	1363	139	251	963	1596	181	297	5560	552
514	1341	95	260	623	1451	117	282	799	553
960	977	195	191	1531	1396	300	272	6002	553
1076	311	209	59	1539	756	299	148	5999	554
373	849	72	167	504	967	99	191	6009	554
348	844	69	157	1117	1446	222	277	9456	555
952	1215	175	242	1354	1518	249	299	3076	556
1314	441	247	89	1521	649	287	129	9451	556
1239	68	243	14	1521	385	300	79	3646	558
345	637	68	124	682	1147	137	228	7704	559
322	448	60	81	885	863	167	157	9460	560
1343	394	231	79	1650	604	293	121	3077	561
1163	822	222	166	1330	1004	254	202	3080	561
543	1257	108	249	729	1391	148	279	6877	561
240	690	44	134	523	973	96	186	3086	562
6	390	1	73	496	810	105	164	9468	564
14	923	3	177	251	1155	46	219	694	565
544	187	104	34	873	494	166	93	695	565
54	78	10	14	381	399	77	78	5571	567
1	790	0	141	512	1097	94	200	7713	569
534	1228	107	227	974	1591	192	297	9477	569
548	107	104	20	667	226	127	43	4383	571
895	205	167	37	1226	699	232	133	8393	573
604	714	115	136	930	1005	184	196	9483	573
1170	1087	216	205	1484	1396	277	266	3105	574
912	485	176	99	1116	649	215	132	3112	575
1250	676	220	137	1411	830	247	166	3884	575
867	977	178	194	1404	1156	283	231	704	577
502	315	101	68	1264	800	243	163	709	578
1518	86	271	18	1677	198	299	42	710	578
1062	236	195	49	1199	362	221	74	699	579
10	362	2	74	502	653	100	132	700	579
228	1053	48	214	470	1361	100	280	9498	583
324	567	60	108	566	751	111	147	1313	585
732	991	144	195	858	1107	169	218	6035	585
10	716	2	134	229	908	42	170	6287	586
128	1149	23	217	399	1317	71	246	6906	586
119	622	23	119	681	838	126	160	3652	589
1175	168	222	33	1457	393	281	81	2074	590
331	393	71	81	665	591	147	127	2077	590
1289	890	250	167	1522	1162	294	220	7738	592
1256	1236	230	248	1468	1484	275	298	9520	593
738	930	150	184	1000	1227	203	246	9521	593
1065	187	196	38	1588	451	300	91	1315	595
981	634	179	124	1203	802	224	158	2080	595
42	306	9	59	483	660	93	124	6041	596
495	757	94	143	720	925	139	177	6042	596
964	233	186	47	1468	513	286	104	2097	599
637	1	123	0	812	288	161	63	3147	600
226	860	42	176	630	1275	119	257	6922	600
1278	230	248	42	1459	486	284	91	8417	605
1	975	0	195	722	1333	137	262	8420	605
553	660	111	127	932	902	188	179	8423	605
435	510	91	99	692	1047	143	209	728	606
1120	1	226	0	1391	257	278	50	8423	606
319	905	64	171	769	1204	148	228	4100	607
603	1208	113	229	732	1497	141	291	4495	607
488	943	102	184	1074	1160	223	228	1002	608
80	221	15	44	235	366	45	73	7750	610
1163	1063	219	222	1448	1317	272	267	738	611
1	58	0	11	217	381	40	73	742	612
702	1127	139	213	812	1257	163	240	3173	612
717	850	145	158	1010	1139	204	216	3176	612
943	400	182	77	1248	624	236	116	6930	612
896	1	169	0	1088	189	208	37	3175	613
660	1264	133	247	878	1536	173	297	3184	613
872	17	172	2	1000	161	195	29	3184	614
1225	157	226	31	1589	465	296	92	5588	615
1002	465	188	92	1324	622	251	125	6053	615
1320	698	248	141	1507	886	281	174	6054	615
426	203	84	40	1108	813	201	145	6058	616
610	123	125	25	959	450	188	83	743	619
130	1057	25	204	389	1341	78	261	4396	619
1274	804	241	150	1564	1159	300	221	3192	620
1346	65	243	11	1502	214	273	37	5593	620
935	161	183	28	1246	463	242	86	3196	621
977	709	175	131	1551	1015	292	192	6061	621
79	956	13	187	520	1308	98	253	4593	622
645	323	131	64	834	443	171	90	5597	623
823	450	163	91	1186	994	235	200	6065	623
922	1154	180	234	1164	1327	230	270	3201	625
1420	51	257	11	1605	353	291	70	7754	625
1	146	0	30	145	289	27	57	7755	625
607	698	112	137	1007	1149	190	224	4231	626
1079	213	209	42	1348	502	258	95	7759	627
200	449	37	90	347	610	68	125	7761	628
769	266	143	55	1010	445	184	89	7762	628
194	1262	36	251	353	1430	68	284	3203	629
461	636	94	126	679	927	138	184	9567	629
795	563	153	111	1400	1272	274	240	6954	630
628	478	120	98	839	630	163	127	749	631
371	744	69	149	1233	1221	235	243	3209	632
1267	707	263	140	1401	934	291	188	3737	632
470	706	89	142	881	808	170	163	6956	633
266	382	54	73	1231	800	250	156	6959	634
930	85	173	16	1464	267	276	50	9577	634
209	48	41	7	620	444	120	81	6071	636
200	1388	35	261	402	1511	73	286	9582	637
955	1188	183	228	1236	1474	240	286	3222	638
1	967	0	201	520	1307	99	266	6963	640
82	461	15	94	590	776	117	160	6964	640
420	445	82	79	944	694	182	130	5020	642
1151	640	211	119	1436	774	269	146	5258	642
276	1077	53	200	421	1248	82	232	7768	642
641	439	120	88	1390	792	272	162	1332	643
1282	1064	245	215	1526	1371	293	274	1733	643
1	1200	0	241	135	1405	26	280	1734	643
478	1064	91	215	1366	1388	266	277	4885	643
1194	129	218	24	1413	301	258	55	2111	644
180	1246	32	239	382	1441	71	277	3663	644
20	708	3	134	738	1007	146	192	1735	645
1456	386	262	71	1639	551	300	105	3903	645
5	551	1	105	167	678	31	128	3904	645
1399	1267	256	240	1605	1463	293	276	4105	645
1048	1149	189	215	1267	1408	229	265	2495	646
63	435	12	81	318	683	61	128	4108	646
956	1136	170	212	1372	1437	250	271	4235	646
1383	834	272	161	1502	965	296	187	4598	648
1202	1035	219	200	1555	1255	280	242	7771	648
1029	204	195	40	1411	602	266	120	5021	649
16	18	2	3	256	308	48	58	6074	651
463	827	88	156	638	1009	119	188	9588	651
610	509	112	103	757	692	143	141	3229	652
1226	803	225	153	1480	976	272	186	4602	653
18	297	3	58	732	615	137	121	4111	654
1145	196	232	39	1377	424	274	80	2116	655
835	897	166	179	990	1028	197	205	6969	655
1112	742	208	147	1250	1288	235	257	6972	655
1034	854	202	172	1261	1042	249	211	4408	657
32	1159	6	233	443	1442	92	292	4409	657
987	1	191	0	1291	173	250	34	6976	659
10	906	2	172	206	1091	41	209	3238	660
197	121	36	21	605	378	114	69	7774	660
229	941	42	187	665	1352	128	269	3240	661
1	280	0	57	645	762	118	145	3245	662
1236	342	236	67	1497	489	290	97	7776	663
127	953	23	183	533	1288	106	250	1009	664
1318	1398	241	270	1489	1546	274	299	1337	664
1126	244	211	44	1318	457	247	84	1334	665
778	551	149	103	1256	1064	242	201	1573	665
523	456	97	86	984	783	189	152	6087	666
1065	1147	217	224	1421	1356	290	264	6296	666
246	1163	47	230	452	1453	89	289	2119	667
181	1009	36	197	701	1251	142	248	2120	667
732	57	128	12	1112	340	200	68	6983	667
125	46	24	10	381	265	76	54	5033	668
738	655	139	123	866	776	163	146	8447	668
312	489	58	97	749	794	150	163	6099	670
1393	387	270	75	1531	531	299	105	4411	672
534	294	103	62	1069	615	211	126	3251	673
1074	689	199	134	1329	1103	246	216	7001	675
21	449	4	86	175	604	30	113	758	676
861	1315	157	261	1233	1494	233	300	7786	678
1118	352	223	69	1280	504	255	98	1584	679
317	108	64	20	581	397	117	78	2127	680
700	120	132	22	1047	422	200	82	3263	681
727	833	130	164	1320	1232	245	240	3914	681
909	1429	179	277	1032	1537	205	300	5037	681
408	1241	72	242	647	1381	118	267	5038	681
227	117	45	22	581	489	114	94	5037	682
665	1292	129	253	898	1506	180	299	7794	682
1249	845	233	165	1561	1000	293	196	3267	683
1251	1247	238	252	1372	1358	261	273	759	685
880	1132	168	230	1397	1496	267	299	767	685
401	361	78	69	731	975	137	189	761	686
461	668	88	128	679	961	131	185	3272	687
13	961	2	185	298	1258	55	236	3276	687
686	1196	127	227	934	1383	173	262	4421	689
424	527	84	102	648	735	128	142	4419	690
298	931	56	191	440	1095	83	225	5047	691
906	1	173	0	1362	371	260	77	5606	692
251	651	45	128	490	907	95	182	6102	692
342	231	65	45	669	501	129	97	8455	693
23	710	3	137	291	987	55	193	1594	695
944	350	178	72	1105	587	208	114	9616	695
137	1	26	0	437	290	92	60	9620	695
652	1384	125	260	840	1601	158	300	7808	697
1009	61	197	11	1241	286	242	55	7806	698
1016	894	192	169	1418	1398	268	265	9623	698
963	10	188	2	1285	247	257	55	772	699
1410	14	270	3	1527	147	294	31	5052	700
792	742	159	147	994	948	199	188	4246	701
604	1310	123	258	978	1528	192	300	4250	701
12	466	2	90	255	665	47	126	5055	702
1	1028	0	209	421	1361	85	274	9632	704
648	1161	123	240	880	1388	169	285	783	705
715	537	134	108	900	737	171	149	3300	705
773	890	147	182	1050	1142	208	236	3301	705
172	156	34	30	476	352	93	69	4616	706
26	565	6	107	338	798	70	153	5059	707
303	807	56	155	807	1140	148	220	5066	707
949	18	176	3	1121	209	209	40	2144	709
406	218	75	42	777	506	146	94	2146	709
295	350	57	69	982	1223	189	232	9640	711
104	279	19	54	393	634	79	126	6103	712
970	225	190	39	1491	594	295	110	5074	714
1	606	0	113	463	1053	87	202	5075	714
1304	533	236	107	1598	779	289	153	1015	717
277	1	53	0	509	162	104	35	8473	717
792	670	144	126	1013	868	184	162	3316	718
1055	998	202	190	1474	1523	283	291	796	719
238	668	45	130	536	869	103	169	3672	720
324	1299	63	252	506	1541	97	299	7037	720
276	411	50	82	722	785	137	156	7832	723
786	144	151	27	1067	346	213	70	7833	723
319	1236	64	247	544	1513	105	300	9662	723
955	352	182	65	1355	618	261	116	8715	724
1258	77	251	15	1450	253	287	48	9662	724
475	223	96	44	725	406	149	83	4429	725
409	173	82	34	864	539	168	103	7044	729
550	736	101	140	795	915	151	176	9664	729
279	915	48	176	1184	1280	218	248	9665	729
1228	851	233	163	1562	1474	297	284	9666	729
1399	690	259	139	1504	795	280	160	3941	732
706	174	133	32	985	396	187	77	809	733
970	322	190	69	1132	627	224	130	818	734
1270	452	247	95	1545	568	296	118	820	734
572	7	109	2	945	228	182	45	3339	735
281	319	50	62	606	503	114	98	3944	735
891	657	174	128	1066	905	211	179	4121	735
725	648	144	122	1021	899	200	170	7851	736
171	1	28	0	375	141	64	25	5629	737
676	502	131	101	1020	737	197	146	5631	738
706	479	129	98	872	736	158	146	4707	739
1219	908	239	178	1513	1242	300	248	169	740
1	1242	0	248	231	1485	45	295	170	740
208	699	40	133	1499	1252	270	240	1605	742
624	593	126	111	1153	1069	229	203	3351	743
138	1322	28	255	500	1506	97	289	3357	743
1	922	0	177	541	1228	101	234	5637	744
160	271	31	50	593	781	121	149	5639	744
270	671	53	128	839	798	155	152	7054	745
503	102	98	19	645	249	126	48	7061	747
1249	548	249	105	1412	739	279	140	7062	747
910	939	175	178	1171	1149	225	219	7866	748
73	1	12	0	267	222	49	43	8488	749
736	392	141	78	940	567	177	110	9689	749
278	942	50	185	1041	1438	201	281	8501	750
80	952	17	190	929	1498	190	297	7069	751
1170	1282	219	255	1325	1467	249	291	7070	751
1404	507	267	101	1566	727	299	145	9692	752
966	1	190	0	1517	464	300	92	7074	754
5	464	1	92	280	693	58	138	7075	754
197	1056	38	205	606	1385	121	272	843	755
725	1172	140	230	869	1511	168	296	2181	756
371	157	69	32	902	667	172	129	2183	756
1354	1227	255	234	1475	1350	282	261	3954	757
220	1217	42	230	364	1425	68	266	8510	758
819	595	158	116	1434	780	281	154	846	759
798	1297	154	259	1090	1504	213	300	1344	759
366	266	73	51	881	428	168	82	6107	759
123	979	24	194	352	1175	67	230	1028	760
723	115	135	23	829	223	158	47	1346	760
756	447	147	89	935	652	183	129	8512	760
119	746	21	149	392	910	71	182	4708	761
655	384	127	75	931	533	180	105	7880	762
209	1117	40	221	404	1428	77	283	8515	762
238	884	41	173	390	1349	71	267	8516	762
524	28	96	5	1277	454	242	91	8514	763
142	618	28	122	374	933	70	176	9703	763
987	803	197	156	1359	1292	265	247	7884	764
263	10	50	2	775	365	150	72	2337	765
694	365	134	72	1019	627	192	118	9708	765
656	65	126	14	846	255	164	53	3959	767
1070	157	204	31	1267	324	243	64	1028	769
670	457	121	90	852	636	158	127	1030	769
851	513	156	107	1140	779	214	160	6112	770
1276	266	248	47	1450	487	281	89	1617	771
288	1177	55	230	498	1348	98	267	3962	773
937	1155	188	231	1162	1419	237	288	7896	774
1265	1131	244	226	1379	1243	267	249	7898	774
603	1002	116	201	1255	1287	244	254	857	775
963	129	197	25	1475	387	294	74	7899	775
38	625	8	122	496	976	104	195	9723	775
201	529	38	98	636	760	119	139	4631	777
987	1306	190	259	1230	1519	236	300	3963	779
702	404	130	81	833	793	156	158	9725	779
1406	1060	259	212	1540	1173	286	235	7086	783
360	849	70	166	653	1010	126	194	3368	784
797	1017	150	196	1111	1310	208	251	5126	784
357	52	67	10	516	209	100	43	3374	788
78	342	15	69	237	480	45	96	9253	788
65	430	13	86	190	568	38	113	9743	788
425	568	82	113	792	731	148	141	9744	788
1008	132	187	26	1181	243	219	48	9744	789
688	15	130	3	887	132	168	26	9745	789
321	999	61	189	656	1463	132	286	3381	790
360	225	72	44	538	507	105	96	3376	791
795	518	159	98	1278	889	242	162	3379	791
1227	427	239	87	1398	580	274	119	4437	792
225	430	44	85	830	1141	161	224	9750	793
585	588	116	117	941	1010	183	200	1631	794
301	572	57	113	479	764	91	150	7865	794
529	248	103	51	822	414	161	85	3973	796
662	418	119	86	1357	1047	255	211	6309	796
1177	18	216	3	1554	167	286	31	1359	797
133	190	25	37	275	317	54	63	3389	798
190	1187	39	227	355	1381	71	265	3393	798
34	924	6	178	291	1204	62	238	4642	799
43	728	8	141	592	1017	116	200	9758	799
79	6	16	1	336	246	66	47	2053	800
1355	26	263	6	1533	204	299	40	2208	800
647	720	124	143	918	881	178	175	9761	801
258	1105	50	219	401	1265	78	251	1036	802
359	571	71	113	532	747	105	147	1361	802
1020	572	198	116	1218	763	238	155	2212	803
801	198	147	39	1030	444	193	90	7102	803
466	1	89	0	740	155	141	30	7103	803
708	1	135	0	1106	408	212	78	1644	806
1074	128	208	27	1374	360	265	71	6134	807
594	542	113	99	1009	1027	194	191	7108	808
555	1220	108	240	1014	1523	198	300	1647	809
257	1	54	0	706	542	138	103	7105	809
940	799	180	150	1071	1028	205	196	9765	809
649	64	128	11	1286	227	253	46	1647	810
711	920	144	183	1009	1063	205	213	9767	811
1031	480	201	97	1505	813	295	166	9770	811
1	216	0	44	503	398	98	79	9770	811
833	1015	159	195	1247	1164	241	226	3404	812
62	1217	10	228	189	1359	36	256	7918	813
323	1108	59	215	1106	1274	203	246	1649	814
450	1117	86	219	826	1374	167	273	5139	815
947	830	181	150	1199	1078	228	198	7114	816
1381	645	250	117	1525	785	277	143	7115	816
5	952	1	187	322	1238	64	246	3407	818
826	816	151	152	1323	1092	247	207	3408	820
1029	517	192	98	1373	1005	260	200	7123	821
1206	414	229	81	1515	596	286	115	3409	822
1034	36	192	7	1349	272	255	53	3410	822
7	961	1	184	233	1174	52	232	2219	823
1019	1185	193	234	1329	1421	255	282	2221	823
1145	980	222	188	1427	1174	282	232	7323	823
1338	854	248	159	1597	1032	297	194	2346	824
45	116	9	24	310	439	60	91	5144	825
127	1061	22	202	326	1238	58	234	9785	826
1118	1	215	0	1296	173	251	36	862	827
932	186	185	39	1517	475	300	99	863	827
141	596	24	119	632	866	110	170	3417	827
21	1207	4	239	180	1363	32	266	7131	827
1021	558	191	111	1236	777	231	153	1754	828
473	1103	89	216	1061	1526	200	298	3419	828
921	257	171	52	1112	472	207	93	4136	829
809	1344	144	263	1113	1504	207	296	3421	831
1261	825	241	157	1501	1095	287	208	6323	833
325	995	68	192	492	1126	103	220	1370	834
420	139	80	30	757	459	145	91	7143	836
301	641	60	129	1040	1018	200	201	7929	836
55	1311	9	247	315	1573	57	296	202	837
215	619	40	123	729	963	139	187	2228	838
1103	442	203	92	1638	706	300	141	202	842
889	958	184	187	1065	1128	218	219	873	842
1109	91	217	19	1435	435	284	90	7932	842
830	309	163	57	985	459	196	89	4275	844
73	41	14	7	763	696	150	139	4276	844
900	1066	166	209	1073	1253	202	248	1372	845
359	1338	67	264	617	1493	118	294	1661	845
348	764	72	157	894	1275	172	253	2231	846
976	1120	183	222	1280	1376	240	271	1664	847
118	1	22	0	566	359	109	71	3438	847
1160	454	230	91	1350	643	265	126	3439	847
947	1327	179	254	1594	1506	300	289	6142	848
850	503	163	96	1139	728	223	143	9816	849
357	846	67	170	603	1142	122	236	3441	850
416	517	75	105	575	656	106	132	3446	850
360	26	66	5	1036	953	196	187	7938	852
643	999	120	196	827	1154	157	228	4142	853
1282	1318	245	258	1547	1520	298	299	4445	853
328	1210	62	239	653	1422	123	280	1377	854
826	502	153	105	1114	817	206	164	2232	855
680	350	125	71	1104	694	209	141	2349	855
170	855	33	171	350	1065	71	215	2350	855
679	855	147	171	878	1046	189	211	8406	855
1083	1187	208	232	1384	1514	268	295	3995	856
18	1	4	0	645	590	125	121	3995	857
245	520	49	108	701	813	140	167	3999	857
598	882	110	173	730	1018	135	199	889	863
1	569	0	114	534	935	100	185	3464	864
224	939	41	186	752	1145	148	225	4002	864
1184	1088	221	209	1456	1302	275	251	3467	865
398	527	76	104	1019	873	199	166	7164	865
1255	97	225	18	1496	271	273	53	4658	866
1095	1	204	0	1600	349	300	67	206	867
158	549	31	107	1137	1074	228	213	208	867
1191	1199	229	230	1431	1353	275	262	4149	869
670	134	136	28	833	373	171	80	4663	870
535	859	113	178	901	1416	190	294	7173	870
758	223	149	43	985	397	195	80	7958	871
1180	860	226	170	1533	1115	300	223	9838	871
1221	117	220	24	1450	299	264	57	3472	872
15	666	2	129	377	817	76	162	7168	874
661	45	121	8	928	280	174	57	9832	875
197	1019	43	204	824	1227	172	245	10017	875
55	708	11	143	165	829	33	167	3484	876
829	948	158	193	1153	1224	222	248	4664	876
1156	755	219	143	1447	1008	272	191	3485	877
1059	1214	198	233	1287	1406	245	273	6328	877
483	141	95	26	962	428	186	80	9840	877
749	491	141	95	1022	673	193	128	3488	878
1027	936	190	181	1128	1055	212	206	2242	879
507	821	96	160	624	936	117	181	2244	879
309	1291	57	254	416	1411	82	282	5689	879
25	18	5	4	397	346	78	68	7884	880
1059	1116	204	220	1526	1206	300	241	7967	880
120	8	22	2	1401	844	272	169	7968	880
531	18	105	4	873	346	172	68	9114	880
390	907	73	173	771	1469	154	293	9846	882
58	1051	11	207	682	1281	131	253	1385	883
378	1305	67	259	658	1506	118	297	2245	883
782	152	145	29	919	288	172	56	2351	883
763	1	135	0	1625	827	300	161	2245	884
1	827	0	161	254	1206	48	234	2246	884
1421	547	264	108	1533	665	286	131	3701	885
558	804	111	157	682	1022	137	201	3702	885
944	657	173	128	1208	888	223	172	904	886
1220	1044	232	210	1467	1233	278	245	6330	888
1209	1344	236	268	1357	1491	264	296	6331	888
279	380	57	72	525	622	109	123	6334	888
204	1	40	0	354	131	70	25	6331	889
494	810	91	154	688	1017	127	192	7188	889
714	1040	146	197	1311	1540	265	295	7195	889
541	294	105	57	690	440	133	84	7200	891
55	547	10	108	488	1444	99	284	7989	891
137	248	27	48	949	717	187	140	8590	892
363	765	70	153	641	1055	125	209	1054	893
1087	538	219	108	1368	724	271	143	1055	893
199	11	40	2	615	380	120	75	9864	893
1270	42	237	8	1533	188	287	35	2250	894
184	474	37	95	670	795	130	158	3510	894
1374	602	257	113	1594	825	300	155	7993	895
1255	367	239	66	1396	503	266	93	9349	895
698	669	132	132	846	802	162	158	9865	896
1132	475	212	91	1517	832	284	157	909	897
54	196	9	44	325	393	65	84	2252	898
271	404	53	87	481	720	94	149	4015	898
1	1074	0	215	130	1205	26	241	4457	898
367	824	67	166	733	1052	142	211	4156	900
553	1137	107	228	709	1334	138	268	4283	900
1298	331	244	69	1447	514	275	108	7211	900
345	919	66	183	1545	1277	300	250	225	903
852	121	180	26	1432	672	293	134	8745	906
727	33	136	8	820	126	158	29	2269	907
295	644	58	129	476	834	90	163	5185	909
1005	489	206	100	1212	641	245	128	5186	909
1047	1203	206	245	1275	1460	252	297	3528	910
73	560	15	109	288	793	63	159	9884	910
1143	356	198	69	1312	735	230	137	269	911
21	857	4	161	207	1044	35	193	270	911
1187	338	220	65	1360	684	251	127	774	911
1	509	0	97	343	1044	60	193	8005	911
1284	1053	241	195	1567	1343	299	252	8005	911
1182	1	229	0	1424	117	271	23	1168	912
598	1155	117	220	1210	1423	242	276	5192	913
43	1198	8	227	621	1496	117	283	6338	914
987	1076	189	203	1150	1193	221	226	6340	914
159	445	33	79	704	735	143	138	2278	918
125	1445	26	268	326	1604	67	300	5196	918
431	461	81	82	807	621	156	114	7470	918
440	361	84	70	567	490	111	97	5198	919
34	913	5	175	442	1169	86	225	5200	920
591	1106	118	212	1063	1413	207	270	6175	920
832	393	163	78	1405	632	274	121	9894	921
192	428	39	79	1024	800	205	155	5702	922
969	844	183	164	1331	1175	252	226	7224	922
17	798	3	150	351	1309	64	244	230	923
1385	840	257	161	1529	1017	285	195	5205	924
994	1	197	0	1476	452	297	91	8014	925
209	449	39	83	552	820	100	149	232	926
624	765	112	152	842	1042	155	207	922	927
167	1027	34	204	421	1310	83	258	923	927
124	104	26	20	478	329	93	64	2280	927
1314	1292	244	246	1454	1438	273	276	9895	928
962	221	189	44	1197	419	234	82	7228	929
1	807	0	150	536	1046	100	195	2354	931
1054	374	198	67	1494	571	293	109	4286	932
72	378	16	68	585	838	117	160	4287	932
65	914	14	181	228	1052	47	208	1058	934
995	344	187	66	1244	583	239	115	5710	935
723	1264	144	246	1117	1524	226	300	9909	935
569	1128	113	219	783	1288	151	247	1806	936
1392	1119	255	217	1607	1275	293	245	2290	936
1346	1156	259	212	1578	1374	300	251	9921	938
614	854	111	175	851	986	159	202	927	939
799	1264	161	255	1436	1448	286	293	4287	939
571	22	103	4	695	161	125	29	4680	940
988	1168	190	235	1285	1471	252	300	8018	940
1	1121	0	217	272	1285	52	248	9934	944
1123	77	223	15	1509	407	299	79	9935	944
506	67	101	13	715	256	141	48	9932	945
569	446	98	85	809	702	139	129	3550	946
129	640	26	125	440	873	88	170	8618	948
992	1	183	0	1590	622	299	121	8620	948
230	982	44	192	1038	1455	209	286	8624	948
747	435	146	87	1212	823	237	163	8625	949
