b1	b2	bw1	bw2	e1	e2	ew1	ew2	seq1	seq2
714	1	146	0	1046	369	214	73	49	10894
380	95	80	19	730	511	155	107	54	2046
853	750	171	142	1408	1325	287	260	57	3826
119	208	24	40	1307	1395	268	287	58	6598
547	39	108	9	901	1151	186	228	58	6600
668	1	137	0	1472	937	300	185	60	7745
1200	379	245	74	1408	996	286	195	60	7748
476	614	99	113	1432	1545	291	300	60	10447
947	48	193	10	1175	626	240	126	60	10451
903	1273	189	256	1149	1486	242	300	61	7692
6	954	1	189	528	1479	111	300	61	7745
370	787	76	158	799	1470	167	297	61	7749
6	85	1	20	807	879	169	186	61	10448
613	1025	128	208	768	1443	160	291	61	10454
475	418	100	86	589	954	123	191	61	10455
157	1	30	0	908	857	183	169	63	7192
12	85	2	18	636	699	126	139	65	7803
874	1064	171	208	1016	1199	202	238	67	5447
805	544	158	106	1479	1271	300	261	67	6029
156	1199	31	238	420	1429	85	284	68	5447
149	283	30	56	420	903	85	182	68	5448
1	1271	0	261	197	1468	39	300	68	6029
201	6	40	1	1444	1169	300	243	68	6030
327	654	68	130	916	1514	190	300	68	6035
910	66	189	13	1444	838	300	170	68	6036
141	1180	29	242	411	1430	83	293	69	6029
1	1169	0	243	297	1442	62	300	69	6030
297	1	62	0	1499	1053	301	206	69	6031
131	55	26	10	306	312	64	64	69	6035
131	797	26	156	411	1155	83	228	69	6035
1	838	0	170	131	1056	26	214	69	6036
444	910	89	166	882	1607	176	296	69	6037
906	517	181	102	1499	1435	301	282	69	6038
660	5	128	1	957	399	189	80	73	5465
1003	1155	210	219	1350	1507	280	291	74	6027
886	477	184	98	1242	826	260	173	79	7179
1049	26	218	5	1242	528	260	112	79	7180
955	791	197	150	1441	1315	300	260	79	11037
1	642	0	133	193	835	42	175	80	7179
8	139	1	27	193	541	42	115	80	7180
1	913	0	176	454	1315	94	260	80	11037
129	793	27	156	811	1442	165	285	84	345
129	751	27	144	691	1217	142	238	84	1028
1145	1093	230	206	1407	1368	285	263	88	5607
1198	377	242	72	1403	729	284	145	88	5608
64	1152	14	223	431	1522	87	299	88	10911
115	979	24	201	517	1331	104	272	88	11166
6	614	1	129	397	961	80	199	90	366
6	42	1	9	436	458	87	92	90	376
11	379	2	82	397	711	80	148	90	5386
1	695	0	144	388	1054	78	216	90	11189
871	473	177	100	1457	1020	300	215	92	10908
1172	886	240	177	1457	1458	300	291	92	10909
245	478	51	94	1231	1387	255	281	94	10548
729	75	153	15	1068	769	222	156	94	10550
319	703	69	141	498	880	104	176	95	9702
1022	1115	204	204	1463	1553	300	294	99	749
1090	153	218	31	1401	1030	287	208	99	750
614	158	124	28	1149	704	229	136	105	6853
378	498	76	95	987	998	193	193	106	1609
662	161	131	27	987	532	193	97	106	1610
607	48	121	10	974	535	191	104	106	1912
449	59	91	12	1021	550	200	107	106	3313
30	588	5	114	405	998	76	193	107	1609
80	161	14	27	405	532	76	97	107	1610
25	48	4	10	392	535	74	104	107	1912
30	97	5	20	439	550	83	107	107	3313
1132	734	226	140	1439	978	291	191	107	10183
351	1	74	0	1005	599	211	124	111	335
1	297	0	62	759	973	155	202	112	335
444	581	87	109	916	1074	183	211	113	2419
641	44	130	7	916	850	183	159	113	2420
492	614	96	122	916	1095	183	220	113	11023
1	820	0	168	298	1136	58	228	114	2318
1	1034	0	207	302	1364	59	270	114	4935
1	175	0	35	298	513	58	101	114	5550
1	1243	0	236	298	1562	58	297	114	6622
437	548	82	114	1134	1341	218	271	115	7420
488	847	100	173	790	1055	163	217	116	8414
11	360	3	75	464	923	98	192	117	6205
94	439	21	86	464	1125	98	228	117	6206
1089	42	228	8	1423	393	298	83	122	301
1045	1210	219	224	1423	1510	298	286	122	394
48	903	8	188	469	1423	99	300	122	9438
1089	794	228	157	1423	1017	298	203	122	10869
1	325	0	69	414	784	77	154	123	301
68	6	14	1	414	348	77	64	123	395
94	885	19	164	307	1154	59	214	123	396
355	1203	69	243	527	1360	105	276	130	10265
475	1096	98	220	811	1474	164	295	139	5158
967	751	201	136	1114	888	230	163	141	9813
20	610	3	111	423	981	91	192	143	10356
720	671	144	119	1486	1472	301	284	147	957
1115	614	225	113	1395	1290	283	240	147	959
840	504	169	98	1486	1179	301	235	147	1979
753	553	151	110	1106	1005	223	196	147	6199
720	311	144	60	1486	1035	301	208	147	8418
980	1096	198	221	1214	1494	245	298	147	8419
840	986	169	189	1307	1523	264	300	147	10378
1307	1	264	0	1486	193	301	40	147	10379
30	285	6	61	153	404	32	86	148	958
141	1035	29	208	488	1351	104	274	148	8418
1172	1135	248	209	1415	1394	299	263	148	11323
332	1135	68	209	757	1562	159	300	149	11323
275	972	58	184	457	1141	95	218	150	7927
552	974	111	190	839	1248	171	248	155	328
786	487	171	92	1095	821	239	164	158	5053
1	948	0	193	176	1128	37	230	163	7777
1	6	0	1	168	575	35	114	163	7778
957	867	197	161	1232	1159	253	221	168	9878
87	867	19	161	369	1159	76	221	170	9878
170	88	33	16	810	867	174	181	181	3127
1060	1003	218	197	1400	1488	289	300	182	5492
1086	557	223	108	1255	772	259	153	182	5494
1060	233	218	47	1311	661	269	133	182	9966
1	180	0	36	1086	1332	227	276	183	5493
1	936	0	181	339	1396	72	277	183	5495
528	946	111	189	711	1344	145	264	183	5496
773	320	159	65	1029	1122	216	232	183	5497
1153	963	230	186	1489	1314	300	259	184	7897
1264	458	254	97	1489	917	300	183	184	7898
1251	1167	251	229	1450	1371	292	271	184	10918
1061	525	210	101	1492	888	300	176	185	3246
1	1314	0	259	214	1524	41	300	185	7897
19	891	4	182	260	1163	56	240	189	3604
19	653	4	128	260	903	56	181	189	9091
307	826	62	168	440	963	90	197	190	3763
871	506	178	103	1447	1101	300	226	191	7734
13	626	3	129	338	897	68	186	192	7734
1075	1	217	0	1366	290	280	61	197	3261
897	12	180	2	1370	377	281	80	197	5426
467	217	91	42	955	802	199	170	204	9058
467	206	91	43	955	789	199	171	204	9748
96	1037	19	208	498	1382	99	275	213	11215
11	1014	2	201	583	1322	110	260	227	6100
15	107	3	23	421	922	81	187	227	6101
11	428	2	90	748	1452	145	295	227	10205
753	5	146	1	1495	805	300	167	227	10206
870	359	170	70	1013	913	201	187	227	10212
406	1113	86	224	1038	1510	208	300	228	5751
542	1	113	0	1478	984	300	195	228	10207
1	984	0	195	431	1514	83	300	229	10207
494	1067	105	213	1128	1313	227	259	230	6100
494	175	105	38	968	922	199	187	230	6101
499	539	106	113	1348	1448	271	294	230	10205
1	92	0	19	1210	1419	253	294	231	10206
90	359	20	70	338	1246	75	253	231	10212
1093	294	233	52	1428	645	300	122	231	10216
40	1273	7	254	676	1510	130	300	232	5751
676	1	130	0	1000	325	198	67	232	5752
54	1	10	0	1489	1282	300	256	232	10207
40	374	7	66	497	1503	93	287	232	10216
739	1103	142	201	885	1569	174	289	232	10217
937	333	185	56	1463	1477	296	290	232	10218
1	1282	0	256	238	1510	45	299	233	10207
1057	224	216	41	1285	383	257	69	246	9096
800	1270	162	254	1014	1486	207	300	275	558
751	8	151	1	1126	350	232	75	275	3997
727	986	145	180	1126	1377	232	265	275	9110
751	1	151	0	1122	565	231	117	275	9111
1153	399	226	79	1475	677	293	137	276	5227
620	1	128	0	953	252	194	48	280	6568
1018	246	208	45	1424	565	295	114	296	5518
1018	870	208	170	1363	1281	281	256	296	11222
205	279	44	51	454	516	99	104	297	5518
165	406	36	81	700	1002	151	206	297	9720
123	856	27	168	465	1299	101	259	297	11222
1013	595	203	113	1488	1078	300	212	299	10552
143	1155	29	223	315	1473	64	287	300	2291
1	1078	0	212	375	1487	77	297	300	10552
386	1	79	0	1471	1209	299	245	300	10553
155	97	31	16	809	1543	165	294	300	10557
1013	1262	206	235	1136	1445	232	272	300	10558
757	49	155	9	1008	524	205	99	300	10558
943	21	192	3	1471	1053	299	207	300	10559
1	1218	0	247	259	1479	52	299	301	10553
271	1	55	0	1099	881	208	164	301	10554
204	1	41	0	674	1403	130	261	301	10560
729	164	140	32	1019	614	192	115	301	10561
938	993	187	193	1249	1250	253	245	312	445
744	182	149	34	1098	538	219	105	318	3022
744	473	149	90	1098	808	219	156	318	7707
1181	1	237	0	1489	328	295	63	321	5512
912	1052	188	206	1319	1448	273	291	327	7887
6	1025	1	200	468	1448	97	291	329	7887
351	323	75	61	904	806	189	163	333	3919
356	412	76	82	908	1276	190	253	333	7805
348	365	74	70	908	1139	190	223	333	11295
600	38	114	7	954	374	182	72	343	7846
626	625	118	112	1172	1224	226	230	343	11317
580	89	108	17	954	553	184	113	346	6748
460	1139	85	229	806	1480	156	300	346	7825
49	978	9	196	459	1433	96	292	351	11027
304	1174	64	232	459	1487	96	294	351	11028
14	838	3	166	300	1157	67	237	365	11335
444	555	90	109	1382	1501	278	300	376	7720
1	98	0	22	1325	1437	276	300	377	7721
1325	1	276	0	1445	116	300	23	377	7722
1	116	0	23	145	282	29	57	378	7722
645	19	125	3	1231	486	239	94	385	3787
385	1	76	0	1004	307	195	61	385	5500
155	347	31	67	1118	1486	216	288	385	9067
697	1018	134	185	923	1608	179	297	385	9069
1192	637	251	127	1416	925	300	187	389	7
650	260	128	50	896	449	181	90	396	7716
1155	609	234	114	1474	900	300	176	405	9599
1380	1201	271	231	1502	1427	295	275	409	3593
1243	1	245	0	1439	307	283	61	409	5500
650	929	125	184	1157	1462	237	300	413	2242
748	1	146	0	1406	608	288	129	413	7404
968	476	194	90	1159	624	232	120	416	1736
350	18	68	4	847	462	168	95	416	3275
413	882	83	170	1011	1512	203	300	417	1738
600	1073	123	199	1035	1576	207	300	417	1743
1	232	0	49	138	369	28	77	421	9591
936	538	192	107	1204	790	249	161	424	8823
348	91	70	17	880	528	184	108	438	3185
292	446	60	89	746	877	155	178	439	542
179	1308	38	258	340	1514	68	300	442	3657
45	986	9	193	526	1476	107	297	442	10353
18	243	3	51	476	1294	96	260	442	10354
128	493	27	98	716	1091	144	224	442	10707
37	1	8	0	260	240	54	49	446	583
1278	188	264	36	1444	348	297	69	447	3185
777	568	161	116	1341	1347	273	269	450	1142
505	1080	107	205	863	1393	182	270	471	620
488	870	104	168	863	1162	182	230	471	6432
55	326	11	61	584	617	126	122	472	618
393	22	80	4	875	573	182	119	474	739
1077	1115	224	204	1427	1522	300	287	476	749
1153	359	240	72	1399	1030	294	208	476	750
1200	271	254	51	1400	465	297	93	481	737
1184	491	250	93	1416	736	300	145	481	867
1203	1239	255	249	1416	1444	300	292	481	5040
1200	587	254	115	1416	793	300	159	481	9290
1	741	0	146	324	1021	72	208	482	867
13	197	3	38	203	613	46	124	482	868
25	1	6	0	324	245	72	54	482	5041
1	798	0	160	324	1078	72	222	482	9290
1	88	0	16	203	354	46	74	482	9291
1076	1183	214	226	1304	1428	263	278	484	693
1	1218	0	234	307	1544	61	300	486	11001
21	1210	4	230	259	1454	56	281	488	717
298	130	58	25	605	429	122	89	489	747
1	876	0	172	149	1371	31	276	490	745
634	1106	126	221	914	1484	184	300	495	3924
47	906	10	174	392	1118	91	221	496	4818
1	29	0	6	1001	801	221	174	496	6627
358	1104	84	229	647	1452	146	300	496	6628
1	481	0	101	278	754	65	161	496	6628
587	1	132	0	992	924	219	188	496	6629
63	586	12	113	445	985	87	189	503	599
268	1087	52	201	551	1488	109	285	504	898
203	37	37	8	478	377	93	74	505	5183
548	381	109	72	1420	1295	287	258	512	811
622	1	124	0	1420	807	287	163	512	5755
925	6	185	1	1289	528	261	107	512	5756
732	1	147	0	1420	692	287	141	512	6980
815	1	163	0	1289	502	261	99	512	10239
48	840	10	157	867	1542	178	300	513	830
867	1	178	0	1461	539	299	108	513	831
386	717	80	140	680	1458	141	279	513	833
675	169	140	31	986	1038	205	205	513	834
411	625	85	119	986	1485	205	298	513	5612
1134	840	222	157	1508	1188	300	231	514	830
6	545	1	109	1056	1550	208	300	514	831
559	139	108	25	1017	1343	202	256	514	838
1	1188	0	231	397	1542	76	300	515	830
406	1	78	0	1534	1039	300	203	515	831
6	960	1	183	233	1458	46	279	515	833
1	666	0	128	528	1485	105	298	515	5612
1	1039	0	203	579	1550	112	300	516	831
20	139	3	25	530	1339	103	255	516	838
6	236	1	47	554	679	111	139	518	844
1	636	0	125	732	1481	149	295	523	811
1	141	0	29	732	995	149	202	523	5755
1	31	0	6	732	859	149	175	523	6980
134	109	27	22	397	528	81	108	523	6981
55	1	11	0	397	502	81	99	523	10239
216	346	42	61	483	590	99	113	528	913
251	663	46	116	498	931	96	170	532	774
919	857	180	158	1266	1133	251	213	535	761
957	1031	187	191	1266	1301	251	246	535	796
221	1189	44	223	405	1373	82	260	540	651
843	1036	169	202	1133	1344	228	264	545	9242
1288	1	264	0	1475	170	300	31	549	923
161	1	31	0	424	206	81	37	550	923
370	767	70	147	661	1084	132	215	551	511
184	492	37	89	663	755	134	142	553	646
1220	609	247	109	1480	865	300	162	558	1078
1	865	0	162	338	1213	74	238	559	1078
378	340	76	60	835	744	165	142	568	1088
466	1211	92	221	843	1550	167	291	568	9062
777	101	157	20	1278	530	260	112	573	5124
1	214	0	43	314	486	59	94	576	1113
1	814	0	157	374	1284	72	249	576	1169
328	1	65	0	613	287	127	61	577	1104
1059	152	215	28	1238	328	251	63	578	4032
418	1169	89	214	770	1469	166	278	579	1114
501	216	108	39	766	622	165	124	579	1115
97	573	21	117	354	1181	71	239	583	1142
1081	1	223	0	1469	489	300	96	593	2049
1040	70	214	15	1469	485	300	98	593	6624
1210	1	249	0	1469	604	300	111	593	6625
1	399	0	79	551	925	105	181	594	2049
1	899	0	175	388	1552	74	299	594	2050
13	485	2	98	551	992	105	194	594	6624
1	724	0	135	584	1425	112	271	594	6625
238	1292	49	253	472	1508	99	300	595	1163
352	1119	73	224	703	1437	146	289	595	11183
1	234	0	43	258	496	50	96	598	1206
1246	198	252	36	1476	420	300	82	598	1886
431	1216	83	231	775	1550	154	300	599	500
500	229	95	41	963	674	189	129	601	988
373	981	71	189	701	1296	136	251	602	2642
373	170	71	34	707	498	137	98	602	5956
231	93	48	16	501	399	106	80	604	994
1	863	0	171	343	1203	71	242	605	1261
593	707	125	134	894	967	188	189	614	5116
30	5	5	1	717	706	136	138	615	978
305	323	58	57	603	1286	114	237	615	979
628	16	118	2	820	750	156	140	615	980
636	1	128	0	1086	537	220	109	618	1185
1086	1071	220	220	1220	1216	245	247	618	2046
420	14	85	2	910	448	186	94	618	2046
532	1262	107	249	681	1442	141	290	632	1720
949	1047	198	202	1322	1402	274	273	633	817
962	599	201	118	1327	973	275	193	633	5882
1171	1	242	0	1304	307	271	60	633	5883
981	600	205	108	1445	1015	298	191	633	8053
819	793	166	145	1340	1339	276	261	634	877
98	373	19	69	478	748	98	147	635	10855
358	1	76	0	833	422	181	93	638	275
267	171	56	35	858	680	186	146	638	4335
1217	1017	239	201	1506	1308	293	255	642	11202
378	1023	76	201	628	1253	129	249	646	11108
816	1	162	0	1306	553	263	112	648	1185
1082	1358	216	254	1294	1589	258	300	661	11266
1294	1	258	0	1443	150	286	28	661	11267
1094	981	219	190	1443	1362	286	265	661	11293
903	844	187	167	1158	1061	238	209	662	7241
231	824	47	152	552	1096	113	205	672	1360
261	493	47	89	668	865	131	164	675	7743
760	810	151	157	1014	1072	205	213	683	1345
740	167	154	31	1249	905	260	183	687	1473
893	524	189	109	1081	1054	227	214	687	1474
416	1266	80	245	761	1574	145	300	689	9109
127	711	23	136	328	901	66	175	694	1420
779	50	156	9	1338	682	272	137	694	1466
428	1321	91	253	656	1500	141	292	698	1421
623	129	128	23	1028	463	211	92	702	1433
743	42	150	6	1029	317	211	64	708	2045
550	42	112	6	976	478	203	96	709	2045
592	1105	121	205	994	1579	197	296	711	9382
1190	1092	231	203	1542	1415	300	264	713	9382
1151	155	231	28	1509	504	300	96	733	1498
951	1118	200	222	1411	1467	296	294	740	5708
901	347	189	71	1274	687	266	140	740	5922
355	618	77	117	847	1104	177	214	741	1170
649	323	137	62	1235	837	259	166	750	1277
690	61	135	10	1057	427	211	86	752	1974
1	971	0	180	456	1436	93	276	754	957
112	614	23	113	392	1290	81	240	754	959
1159	1	236	0	1349	190	278	42	754	1261
52	767	10	149	456	1164	93	232	754	1979
1	598	0	118	445	996	91	200	754	8418
1	1209	0	235	304	1523	62	300	754	10378
304	1	62	0	456	157	93	32	754	10379
690	209	141	43	1325	454	277	97	758	1521
262	929	54	174	593	1242	123	238	760	1229
547	985	108	197	878	1277	177	256	762	1291
55	899	10	170	501	1409	99	273	762	1292
809	899	158	170	1213	1257	239	242	764	1292
809	314	158	57	1421	919	284	176	764	1341
754	847	148	155	1053	1161	210	220	767	1342
449	216	92	37	740	701	155	139	769	1257
1	1	0	0	1163	1388	241	285	769	1288
160	1061	35	199	366	1591	77	299	769	1289
366	1	77	0	740	745	155	147	769	1290
526	1058	108	207	929	1520	193	299	769	1290
219	667	42	137	833	1465	169	300	773	1254
174	1266	33	245	525	1574	99	300	779	9109
932	381	187	67	1304	695	264	131	780	1310
945	690	190	135	1433	1163	289	233	780	9221
1102	389	232	75	1427	803	300	160	781	1597
1272	865	268	167	1427	1470	300	281	781	1598
1	803	0	160	333	1118	66	224	782	1597
1077	179	222	34	1318	461	272	93	784	1528
103	1	24	0	366	258	78	53	800	906
27	67	6	13	651	597	139	127	800	1960
1044	887	222	176	1274	1103	270	219	811	2000
1083	934	230	179	1307	1131	275	218	811	6836
34	934	7	179	290	1154	57	222	812	6836
88	921	17	182	286	1109	57	220	813	2000
1192	912	251	175	1410	1154	293	222	815	6836
309	73	65	11	1089	802	229	163	817	1036
696	804	142	148	1089	1527	229	296	817	1037
349	690	72	137	973	1204	202	246	817	2041
851	861	169	165	1466	1478	300	295	818	1281
881	559	176	110	1402	1318	286	273	818	2026
27	1	5	0	280	255	59	54	819	1282
729	21	154	4	1414	695	300	145	819	10769
1085	872	228	175	1378	1259	293	259	819	10770
812	540	167	103	1119	799	228	154	830	873
607	1	123	0	852	227	173	46	831	872
418	667	86	137	758	994	156	206	832	9190
173	125	35	20	645	472	132	94	832	9244
1	1135	0	207	528	1594	107	299	836	965
258	17	52	3	789	1091	153	208	836	967
23	723	5	142	775	1526	151	300	836	6105
1	642	0	117	492	1582	100	300	836	6106
823	604	174	107	1227	1001	265	194	844	1063
767	588	158	111	1235	1074	255	211	858	2419
955	44	200	7	1235	850	255	159	858	2420
767	586	158	117	1261	1127	261	226	858	11023
453	648	93	120	1296	1459	264	287	861	1939
594	824	121	154	1077	1365	217	259	870	1207
896	139	183	23	1183	415	241	78	875	1206
58	390	11	69	408	760	85	147	876	1339
1103	1176	226	236	1370	1382	279	278	883	1873
882	161	182	27	1301	527	259	96	889	1610
254	633	53	120	876	1263	181	250	889	1911
313	167	67	34	596	423	125	86	889	3312
580	161	116	27	1211	863	241	162	890	1610
1	343	0	60	377	863	76	162	891	1610
823	1	170	0	1245	436	254	90	893	1930
953	1081	194	214	1245	1387	254	277	893	5174
912	292	187	58	1384	824	283	169	897	11177
66	1	14	0	325	248	64	48	899	8967
425	1261	91	238	560	1564	120	300	901	576
425	1168	91	220	637	1559	135	300	901	6911
411	74	87	14	685	523	146	107	901	6914
581	1261	118	238	845	1564	172	300	904	576
845	1	172	0	1252	399	255	81	904	577
578	565	117	116	1252	1088	255	224	904	1713
551	478	111	94	1252	1256	255	253	904	1997
933	718	190	135	1134	1089	232	209	904	1998
581	1168	118	220	925	1559	188	300	904	6911
574	485	116	97	1089	1096	224	223	904	6912
567	74	114	14	1252	821	255	167	904	6914
963	885	200	177	1424	1347	294	268	906	11213
1026	29	214	5	1424	761	294	150	906	11214
225	29	46	5	593	761	122	150	907	11214
764	214	157	41	1072	683	219	132	909	7873
1103	1127	225	219	1385	1428	283	279	911	1904
718	186	144	39	914	382	187	81	911	3315
728	1154	151	227	1148	1499	240	300	914	1304
748	104	155	21	1139	743	238	148	914	1305
1147	1	229	0	1343	197	267	38	917	6915
818	1	163	0	1355	511	269	100	917	9501
905	142	181	25	1269	1010	253	189	917	9502
1035	227	213	43	1451	625	300	126	925	931
576	86	119	15	792	304	166	60	931	1478
1	160	0	31	382	508	75	103	932	2045
332	731	67	144	655	1061	135	214	934	1323
271	97	54	18	662	487	137	101	934	2040
335	468	68	89	704	765	147	154	934	10853
944	191	191	39	1169	410	236	83	943	3441
481	1	94	0	829	372	164	75	948	858
879	93	189	17	1262	426	274	89	957	1624
520	260	104	50	771	449	158	90	962	7716
1049	1397	214	249	1295	1617	267	295	970	414
614	1181	125	236	942	1499	192	300	970	1694
610	146	124	29	969	869	198	163	970	1695
614	658	125	126	847	862	176	169	970	10960
750	1132	148	212	995	1405	198	268	971	5093
777	1031	157	190	1304	1533	267	295	972	1811
780	352	158	70	1474	1061	300	218	972	8120
823	1	169	0	1466	855	298	173	972	8121
1	1061	0	218	318	1373	62	279	973	8120
987	6	201	1	1128	141	227	27	974	1824
250	144	47	29	776	627	155	129	977	1796
535	957	104	183	993	1168	202	227	977	1797
1	194	0	42	450	646	87	129	977	2019
308	1	65	0	841	533	173	107	979	1791
5	43	1	8	633	780	127	159	980	1791
336	1031	73	190	737	1533	158	295	982	1811
339	352	74	70	1202	1350	248	274	982	8120
630	488	137	101	1129	1515	232	296	982	8121
369	999	70	195	1016	1542	197	300	985	1756
375	103	71	18	977	1451	190	273	985	1757
453	476	89	90	644	624	127	120	986	1736
73	1	12	0	511	386	96	72	992	1643
125	1050	25	198	597	1468	119	281	994	1641
1357	1059	267	189	1504	1212	300	224	997	1165
217	323	44	63	730	799	149	159	1000	5982
1099	938	221	190	1286	1096	259	221	1008	8703
1031	447	204	90	1425	870	287	180	1013	8724
12	455	3	85	329	811	71	161	1019	5513
254	657	56	133	890	1486	186	300	1019	8804
890	1	186	0	1471	563	300	110	1019	8805
549	203	122	35	855	944	179	180	1019	8806
1043	239	214	47	1253	648	256	127	1019	8807
1	563	0	110	210	762	44	152	1020	8805
686	566	144	107	1118	1060	235	208	1021	11182
1032	745	212	145	1425	1210	291	236	1024	8824
19	1054	3	195	312	1337	69	257	1030	447
102	1128	22	225	312	1340	69	271	1030	1171
219	41	41	8	551	374	105	73	1036	9772
778	961	160	181	994	1155	208	222	1040	2262
198	1	38	0	526	412	104	83	1041	2261
19	186	4	35	526	645	104	128	1041	4260
254	1198	56	223	500	1411	104	264	1042	2090
1328	567	246	116	1570	734	295	152	1044	2113
284	16	54	3	736	531	143	106	1044	2168
284	1103	54	213	654	1468	127	286	1044	2282
537	1290	107	254	701	1438	139	284	1047	2161
1157	1128	234	222	1375	1471	283	297	1054	2184
382	955	80	179	728	1337	153	258	1055	278
785	789	159	143	987	1006	201	188	1058	2208
121	835	25	155	511	1202	107	230	1059	10189
199	1	41	0	498	492	104	97	1059	10190
242	105	49	19	990	788	200	156	1065	390
234	127	47	23	990	926	200	185	1065	580
514	458	103	86	890	1293	181	247	1065	581
547	1308	110	254	765	1515	157	298	1065	1604
204	624	40	123	990	1494	200	297	1065	1816
189	10	37	2	614	1088	126	207	1065	1817
231	541	46	108	990	1158	200	232	1065	10899
510	439	102	88	1327	1198	272	238	1067	2201
510	244	102	50	1318	1052	270	211	1067	2272
784	650	156	124	1084	1373	219	274	1068	2131
1081	354	221	66	1437	729	295	143	1074	2159
568	926	116	173	894	1393	184	270	1074	7636
392	1385	81	260	574	1568	121	300	1076	2141
1136	379	236	72	1431	642	300	126	1076	2159
307	735	61	140	786	1271	164	253	1078	2157
925	883	187	169	1418	1399	290	277	1082	2099
244	671	45	129	847	1211	168	235	1085	2209
399	83	78	15	634	744	123	134	1085	2210
1	768	0	148	404	1180	86	235	1092	9646
909	946	186	188	1448	1364	298	275	1099	4476
909	16	186	3	1448	434	298	90	1099	5005
7	85	1	17	267	370	55	78	1100	2450
105	1	20	0	267	249	55	53	1100	2452
7	434	1	90	267	684	55	143	1100	5005
829	268	170	51	1051	623	217	119	1101	2433
9	692	2	138	611	1275	124	252	1102	2432
9	275	2	53	220	623	46	119	1102	2433
81	897	17	180	611	1354	124	269	1102	4609
523	220	103	44	876	598	175	123	1109	9081
312	1133	62	226	608	1425	123	288	1110	2409
353	997	69	195	608	1313	123	260	1110	4239
288	1067	56	212	608	1472	123	295	1110	6094
288	503	56	99	608	840	123	168	1110	9298
625	1	128	0	1060	422	224	93	1115	275
505	131	100	25	1060	646	224	139	1115	4335
1316	1	262	0	1521	211	300	39	1117	2413
152	1	31	0	553	421	107	80	1118	2411
731	257	143	49	1368	702	274	140	1118	2413
731	98	143	18	857	264	170	53	1118	2415
85	292	18	56	358	588	76	117	1131	2507
580	1	124	0	879	274	193	63	1132	2513
688	1299	148	264	879	1466	193	299	1132	2515
753	1145	150	215	942	1329	185	250	1139	8386
822	368	175	69	1210	898	251	174	1143	2394
1223	1	250	0	1477	245	300	48	1145	2425
1174	470	239	96	1477	791	300	161	1145	4483
475	1	102	0	1103	606	231	123	1146	2425
426	470	91	96	1122	1194	235	246	1146	4483
611	1	120	0	1035	442	204	88	1150	2465
1065	255	221	56	1414	691	286	138	1151	2361
293	255	59	56	1153	1045	227	209	1152	2361
509	363	99	69	898	1201	172	225	1152	2362
1198	1051	243	206	1410	1385	290	276	1157	6685
518	41	99	8	1071	822	216	172	1159	6680
498	883	95	173	684	1297	134	257	1159	6690
1	1345	0	271	144	1486	30	300	1171	2446
737	357	155	63	999	633	209	120	1177	3126
401	450	84	85	687	834	144	166	1178	3139
577	348	113	68	1154	977	234	196	1183	7815
863	324	173	61	1461	874	291	169	1188	3155
681	715	129	133	1184	1370	231	273	1204	3229
219	59	42	13	706	672	146	145	1208	3199
828	1	173	0	1158	280	243	58	1211	9297
873	380	183	75	1427	584	299	118	1211	10193
103	5	22	1	484	345	103	71	1213	3194
758	251	149	50	952	425	190	88	1222	3215
1199	623	248	126	1438	878	300	181	1224	3215
312	443	65	88	508	615	109	127	1225	3210
403	532	84	110	1017	1218	219	256	1226	3258
371	778	78	156	965	1383	208	290	1226	9252
695	848	147	165	965	1328	208	267	1226	9253
597	916	122	174	1311	1433	266	278	1227	10914
962	47	197	8	1209	529	245	100	1227	10915
994	127	209	24	1246	381	263	77	1235	3287
774	567	158	116	1013	786	209	162	1237	2770
777	1121	159	217	1013	1358	209	267	1237	3284
701	1158	145	217	1067	1451	215	273	1241	3235
763	146	158	24	980	426	199	77	1241	3236
247	369	50	75	655	825	140	174	1248	3269
247	803	50	153	659	1241	141	249	1248	9448
243	758	48	138	534	1016	112	193	1251	3250
818	925	161	179	1216	1307	241	256	1258	5184
858	1	169	0	1209	598	239	123	1258	5185
1	1117	0	217	274	1382	55	271	1259	5184
1	310	0	64	234	700	46	144	1259	5185
693	109	136	20	1485	925	300	183	1260	3326
1007	399	203	71	1246	772	254	147	1260	3327
1	203	0	42	595	722	115	143	1260	3340
322	16	67	3	533	255	109	50	1261	3321
768	930	153	174	1070	1205	209	223	1262	3331
962	468	185	94	1164	666	228	137	1266	3335
493	664	102	128	806	1019	165	198	1277	3087
1136	1230	231	235	1462	1534	300	300	1277	8716
1139	1002	232	193	1462	1306	300	258	1277	8747
1144	1053	233	206	1462	1443	300	287	1277	9570
1	160	0	33	258	420	49	83	1278	6098
467	135	91	25	673	317	137	66	1286	2531
370	327	73	63	765	724	159	150	1288	483
329	729	67	136	1079	1450	220	283	1289	546
1147	975	233	188	1443	1272	293	250	1289	6395
392	205	81	43	1079	891	220	183	1289	8959
700	142	145	26	1079	678	220	135	1289	8960
59	975	13	193	208	1125	45	225	1290	2613
10	928	2	174	509	1501	106	291	1293	2950
97	332	21	69	341	881	70	170	1293	2951
89	325	17	68	935	1192	191	244	1298	2599
493	980	99	183	632	1562	129	295	1298	2601
308	181	62	32	502	386	101	73	1298	2601
209	201	41	40	1169	993	236	201	1298	2947
338	10	68	2	839	920	172	182	1298	2948
1	672	0	138	677	1298	139	264	1299	2599
75	980	15	183	214	1562	45	295	1299	2601
8	346	1	72	673	816	138	166	1299	2947
8	146	1	28	421	920	88	182	1299	2948
437	12	86	2	1005	592	207	125	1305	2646
437	303	86	59	1005	839	207	171	1305	5336
437	763	86	136	980	1285	201	245	1305	6771
627	1	130	0	976	745	200	146	1305	6772
1068	777	217	153	1300	1049	265	209	1309	2710
1068	1190	217	245	1300	1451	265	296	1309	10032
1116	107	228	20	1300	608	265	118	1309	10033
865	898	184	161	1289	1293	274	245	1310	756
472	1195	102	228	763	1499	164	292	1310	2709
1	840	0	165	194	1049	41	209	1310	2710
136	473	28	89	1322	1541	268	300	1313	2742
1021	485	207	93	1399	1411	282	267	1313	2745
1	226	0	43	215	466	39	87	1314	2743
1314	77	268	15	1465	255	300	51	1314	2954
291	65	60	14	607	338	124	69	1316	2909
1	321	0	61	672	817	138	163	1317	348
1	232	0	41	517	438	105	82	1317	429
1126	1216	228	231	1461	1550	298	300	1319	500
772	1252	154	243	953	1429	191	280	1320	5964
1081	1073	220	215	1496	1412	300	279	1323	2891
1077	1	219	0	1463	617	293	116	1323	2892
1	1197	0	232	412	1502	87	297	1325	386
232	98	44	19	441	306	85	60	1327	2862
14	1146	3	217	156	1301	31	246	1331	796
210	881	41	184	748	1401	153	294	1331	2902
784	501	162	100	1493	1058	297	207	1334	2587
784	610	162	125	1339	984	267	197	1334	6653
398	337	83	66	1060	993	212	194	1336	2587
1181	239	234	50	1498	545	300	113	1336	2599
1248	101	248	18	1486	731	298	142	1336	2600
374	438	77	88	1060	1111	212	221	1336	6653
17	561	3	116	679	1192	139	244	1337	2599
867	101	175	18	1182	830	240	161	1337	2600
47	280	9	58	978	1091	198	221	1337	2947
1	877	0	181	504	1298	102	264	1338	2599
1105	216	225	39	1404	523	289	105	1343	792
1	683	0	137	411	1061	86	217	1345	2832
118	295	25	59	545	858	115	175	1345	2833
21	822	4	160	411	1195	86	239	1345	2846
145	999	31	207	411	1375	86	281	1345	2847
1	774	0	156	411	1196	86	244	1345	4741
103	73	21	15	411	637	86	131	1345	4742
961	1	198	0	1434	410	292	78	1349	2944
884	1104	182	217	1045	1225	215	241	1353	2941
352	1047	65	215	724	1431	139	293	1356	2924
454	25	84	4	624	454	118	89	1356	2925
767	489	147	92	1107	1019	220	201	1356	2926
478	769	89	155	1100	1461	218	300	1356	6491
879	410	175	85	1457	987	295	203	1357	3044
975	21	197	5	1457	1017	295	210	1357	3045
1251	395	257	77	1440	555	297	111	1358	8771
1021	1281	207	241	1318	1536	268	293	1359	3042
559	977	120	191	947	1317	204	263	1362	3011
386	508	79	102	1016	1109	206	228	1364	4698
517	10	108	1	865	612	177	120	1364	4699
386	628	79	118	865	1069	177	209	1364	8523
498	19	104	4	865	445	177	88	1364	8524
771	482	161	94	1384	928	291	191	1367	6809
30	1	6	0	706	545	146	116	1372	2736
116	485	24	96	442	1190	92	237	1372	2737
6	1324	1	254	268	1539	56	298	1372	2829
225	1	46	0	914	701	189	149	1384	6195
348	166	71	34	906	1003	188	214	1384	6196
225	1001	46	196	735	1500	151	300	1384	7995
665	1	136	0	906	320	188	69	1384	7997
1162	111	236	21	1467	482	300	95	1384	9582
346	1305	71	255	641	1531	131	300	1388	5475
342	111	70	22	757	974	154	189	1388	5476
50	120	12	24	711	753	155	159	1392	8042
642	74	127	14	922	371	184	72	1395	8328
317	232	63	44	1255	1092	246	212	1396	4045
468	324	94	62	1121	1508	220	296	1396	4046
322	1086	64	213	768	1505	153	296	1396	6918
306	472	61	92	623	871	124	170	1396	6919
772	447	154	88	1272	1061	249	204	1396	6920
645	464	134	92	1438	1021	297	211	1402	8016
978	1	208	0	1336	400	285	86	1406	3378
723	922	149	177	1292	1482	275	300	1406	4466
723	53	149	12	1292	1114	275	233	1406	4467
723	139	149	26	1336	681	285	144	1406	10105
723	765	149	142	1336	1408	285	282	1406	10758
764	30	159	6	1303	1407	278	295	1406	10759
237	152	47	28	688	661	140	133	1408	8172
5	23	1	5	210	188	44	40	1409	7959
1	1041	0	212	210	1205	44	247	1409	7978
874	1270	173	259	1460	1453	295	298	1422	7989
933	116	184	23	1326	370	265	73	1429	8076
1186	681	238	141	1478	1006	299	208	1430	8217
1186	350	238	69	1478	667	299	134	1430	10021
884	845	174	167	1452	1170	293	234	1433	399
26	751	5	147	252	965	52	192	1433	399
1045	260	205	51	1457	776	294	153	1433	401
30	1	6	0	1466	1363	297	274	1433	4000
1033	761	203	140	1217	1476	244	286	1433	4006
1231	1	247	0	1466	628	297	129	1433	4007
170	7	35	1	1475	1304	299	264	1433	8105
1170	704	233	145	1475	1334	299	270	1433	8110
148	1	28	0	1475	935	299	189	1434	4001
410	5	82	1	1475	1297	299	256	1434	4008
113	1	21	0	1475	1147	299	234	1434	8106
80	45	15	8	687	1211	141	234	1434	8111
1057	84	212	15	1475	767	299	152	1434	8112
35	935	7	189	488	1402	100	283	1435	4001
162	554	33	105	483	935	99	180	1435	4010
155	453	32	92	488	801	100	162	1435	7438
1	1147	0	234	306	1478	63	300	1435	8106
1	767	0	152	215	1272	44	249	1435	8112
162	1091	33	218	349	1494	72	300	1435	8113
6	1257	1	252	242	1500	48	300	1445	4289
242	4	48	1	1528	1159	299	221	1445	4290
25	1	5	0	1032	1149	198	215	1445	6374
1077	1	205	0	1531	507	300	105	1445	6375
1012	286	193	56	1531	1350	300	257	1445	6382
1	483	0	100	968	1547	183	299	1445	7344
979	1	186	0	1531	599	300	123	1445	7345
1114	127	213	24	1528	971	299	186	1445	7353
1	507	0	105	924	1453	190	300	1446	6375
924	1	190	0	1460	504	300	103	1446	6376
109	23	22	5	620	797	128	164	1446	6383
1097	417	226	80	1444	881	296	176	1446	6384
8	596	1	122	856	1449	176	300	1446	7345
811	1	168	0	1460	677	300	138	1446	7346
237	126	49	25	610	855	126	175	1446	7354
729	21	150	3	1142	831	235	162	1446	7355
1	859	0	174	615	1471	125	297	1447	4291
621	15	126	3	1455	866	300	181	1447	4292
889	515	184	103	1455	1433	300	291	1447	4308
1	762	0	151	341	1027	71	207	1447	5924
1	504	0	103	702	1464	141	300	1447	6376
889	248	184	55	1455	834	300	176	1447	6377
1021	194	210	40	1455	798	300	161	1447	6386
1	677	0	138	659	1478	133	300	1447	7346
904	305	187	65	1455	877	300	183	1447	7347
659	1	133	0	1031	445	212	93	1447	7347
948	73	196	15	1433	894	295	178	1447	7359
1	866	0	181	655	1402	135	293	1448	4292
683	6	141	1	1446	731	297	152	1448	4293
144	441	28	92	604	1210	124	247	1448	4309
617	1	127	0	1463	902	300	185	1448	6378
465	30	94	6	1233	1511	253	300	1448	6387
1233	1	253	0	1463	461	300	91	1448	6388
1	877	0	183	600	1445	123	300	1448	7347
717	179	149	39	1463	1065	300	218	1448	7348
271	456	52	82	617	887	127	170	1448	7360
1010	1	207	0	1427	960	294	191	1448	7362
660	256	136	51	1242	717	255	143	1448	10001
432	946	88	174	867	1328	175	252	1452	397
432	7	88	1	867	416	175	82	1452	4256
523	274	110	53	703	419	151	86	1457	8358
330	112	69	24	929	416	175	83	1460	9109
11	1120	2	209	462	1553	97	299	1464	10081
367	59	72	12	1001	406	201	83	1470	8193
1294	49	260	11	1481	413	300	88	1470	8195
1	413	0	88	335	714	68	150	1471	8195
1143	404	217	81	1549	1173	300	235	1472	4002
1126	856	214	165	1549	1283	300	252	1472	8104
1122	312	213	64	1549	998	300	203	1472	8107
1	1245	0	246	239	1468	48	291	1472	8196
122	226	26	46	1341	1374	268	276	1473	4000
122	106	26	23	1341	1312	268	265	1473	8105
438	216	91	44	1045	877	210	172	1474	4000
826	596	164	120	1472	1195	298	242	1474	4001
826	683	164	136	1385	1523	280	300	1474	4008
443	101	92	22	1045	754	210	149	1474	8105
826	744	164	152	1472	1458	298	296	1474	8106
28	641	5	125	625	1467	119	284	1475	4010
552	1	112	0	920	333	190	69	1477	8255
6	1310	1	258	157	1477	32	292	1479	3148
1	843	0	160	382	1421	78	281	1479	8268
6	719	1	146	364	1126	75	229	1479	10008
664	943	136	194	1134	1471	235	298	1482	7330
1	307	0	60	658	1035	134	203	1482	7335
519	890	104	170	1156	1511	239	300	1482	8205
515	415	103	84	1331	1474	275	298	1482	8206
1215	1	251	0	1453	329	299	67	1482	8207
519	1140	104	226	915	1493	190	300	1482	8299
915	1	190	0	1453	622	299	126	1482	8300
1061	53	221	10	1453	731	299	142	1482	8301
108	1162	22	220	770	1537	157	297	1483	7328
308	35	63	7	1200	675	244	136	1483	7329
232	931	47	191	615	1481	125	300	1483	7330
313	1	64	0	733	223	150	46	1483	7331
864	36	176	7	1174	942	238	177	1483	7334
401	1354	83	277	499	1452	105	299	1484	7331
1157	775	232	149	1447	1039	293	205	1484	8351
331	432	66	84	992	1169	202	238	1487	6179
307	36	61	6	779	1164	160	224	1487	6180
1095	499	222	92	1460	917	296	175	1487	7661
695	1283	148	256	964	1491	205	300	1490	2116
318	613	66	119	739	1478	158	300	1490	8331
721	1256	154	240	967	1552	206	300	1490	8332
655	694	135	133	1237	971	256	188	1494	4083
655	963	135	191	848	1126	177	226	1494	4090
998	1038	209	199	1454	1461	300	284	1496	3536
1181	686	247	134	1429	943	296	185	1496	4144
1003	1017	210	196	1429	1453	296	282	1496	4146
198	44	38	9	657	334	137	72	1499	7919
520	7	113	1	887	411	192	82	1500	5474
262	1028	52	205	675	1453	140	292	1508	9216
803	805	169	162	1289	1282	268	259	1518	5515
383	1296	77	262	522	1488	106	300	1521	9317
429	326	88	60	1325	973	283	198	1522	10178
1	358	0	70	598	1041	127	218	1522	11277
12	922	3	178	509	1414	103	276	1527	5704
115	1032	24	204	447	1435	91	282	1527	5705
792	188	160	37	1287	542	258	108	1527	10188
4	741	1	139	509	1226	103	236	1527	10232
743	308	154	60	864	432	180	86	1528	4364
516	588	105	110	1263	1356	256	265	1528	4407
595	11	123	2	864	1036	180	203	1528	4408
1208	680	252	139	1424	903	300	186	1529	10182
5	1222	1	248	278	1473	58	300	1535	10245
1	104	0	22	311	620	65	123	1535	10246
1	929	0	177	227	1129	40	212	1538	2503
389	1217	71	216	829	1649	157	300	1538	10170
1074	860	199	172	1602	1396	300	272	1539	6427
1047	83	194	19	1602	1282	300	238	1539	6428
1051	830	195	157	1602	1381	300	261	1539	8801
1157	174	217	34	1543	968	289	185	1539	8802
1	1269	0	255	243	1524	42	300	1539	10312
1	924	0	183	333	1497	60	286	1539	10315
49	221	10	43	522	623	108	126	1541	10349
766	393	150	76	1206	811	242	165	1543	10172
1342	1	273	0	1484	206	300	41	1544	1569
1328	1170	270	225	1467	1508	297	287	1544	1570
792	97	158	21	1299	555	265	115	1544	8079
104	792	21	159	691	1340	138	272	1545	4131
262	14	53	3	447	376	89	70	1545	4132
1214	496	250	99	1446	965	298	193	1546	3348
1111	758	228	148	1456	1095	300	219	1546	4940
1156	1	237	0	1456	388	300	81	1546	4941
26	12	6	3	311	278	64	56	1547	3348
1	1095	0	219	311	1386	64	278	1547	4940
1	120	0	24	466	549	96	114	1547	9360
1	872	0	171	632	1493	124	293	1548	8151
1	1023	0	201	247	1471	51	291	1548	8152
255	1	52	0	632	725	124	136	1548	8153
342	10	70	2	1114	619	229	124	1549	2467
957	640	188	121	1491	1198	298	235	1550	4237
913	17	179	3	1444	375	289	75	1550	6350
159	349	27	67	1218	1489	248	300	1551	7125
140	589	23	117	1043	1467	212	300	1551	7794
1043	1	212	0	1307	334	268	68	1551	7795
550	6	108	1	996	935	204	194	1551	7796
1021	626	208	125	1353	1476	278	300	1551	7797
134	416	22	78	1059	1328	215	269	1551	10771
283	632	53	125	649	1439	131	289	1551	10772
484	4	99	1	681	242	134	44	1552	6265
979	349	189	67	1485	848	294	169	1552	7125
1012	610	196	121	1485	1057	294	215	1552	7794
1	146	0	26	404	650	81	123	1552	7798
215	965	41	199	337	1370	65	279	1552	7800
400	1177	80	224	690	1466	136	280	1552	7801
955	383	184	71	1485	872	294	175	1552	10771
1	874	0	175	611	1489	124	300	1553	7125
25	1069	5	218	444	1467	91	300	1553	7794
64	308	14	66	396	935	83	194	1553	7796
25	884	5	178	615	1474	125	299	1553	10771
1	653	0	124	538	1122	113	223	1557	10440
1	219	0	43	381	641	79	130	1557	10441
332	1	67	0	727	405	148	84	1558	4885
263	317	54	64	727	1396	148	279	1558	4886
87	178	18	38	727	678	148	136	1558	6443
1101	1269	224	257	1325	1477	270	300	1561	6430
1	157	0	31	379	510	70	97	1562	6431
67	9	12	2	379	669	70	126	1562	6432
662	1397	135	262	818	1562	171	300	1564	8928
771	924	158	176	1363	1380	277	268	1565	4604
480	262	96	49	952	807	194	159	1566	4693
480	396	96	82	1020	1026	209	213	1566	6366
613	37	125	8	1007	857	206	166	1566	6367
207	1003	44	187	703	1471	148	285	1567	3434
848	1	178	0	1185	589	244	120	1567	6609
204	1083	43	223	703	1437	148	300	1567	8392
207	290	44	62	747	850	158	181	1567	8456
1240	792	249	148	1489	1018	300	194	1570	10789
712	1151	142	234	1101	1485	220	300	1576	10859
1149	191	227	37	1384	396	275	78	1582	5657
1120	344	229	67	1395	646	289	132	1585	4075
128	725	25	146	432	1008	88	203	1587	4565
276	322	55	62	426	486	87	95	1587	4566
764	679	156	139	1343	1252	272	251	1589	4552
878	11	182	2	1343	1004	272	194	1589	4553
654	1204	136	236	880	1440	185	287	1590	4960
662	1	138	0	880	572	185	117	1590	4961
654	1301	136	254	874	1515	184	300	1590	11167
654	63	136	12	880	367	185	76	1590	11168
654	535	136	102	1100	933	230	187	1590	11174
902	118	186	23	1125	308	231	62	1593	8032
1	797	0	160	210	1001	44	203	1598	11168
1	310	0	63	162	463	35	96	1607	4578
1123	8	226	1	1469	366	300	78	1609	3848
1088	62	217	13	1465	460	299	98	1609	4632
1088	206	217	42	1465	591	299	125	1609	5715
1091	497	218	95	1469	901	300	182	1609	7758
1091	440	218	88	1465	830	299	171	1609	10999
1	366	0	78	294	660	60	139	1610	3848
719	128	142	24	966	382	190	74	1610	4623
15	698	3	134	294	1093	60	209	1610	4633
10	591	2	125	294	869	60	181	1610	5715
1	901	0	182	294	1185	60	241	1610	7758
1	837	0	173	294	1115	60	231	1610	10999
446	1308	84	238	715	1586	143	299	1616	4797
32	182	6	35	306	424	60	85	1624	4671
130	241	25	48	306	617	60	123	1624	4672
650	728	126	148	1041	1107	207	228	1626	6360
1010	1	198	0	1566	481	300	91	1627	6255
34	702	6	128	703	1058	145	203	1628	4843
29	487	5	92	727	1005	150	198	1628	6255
1	1263	0	261	150	1445	31	300	1630	6495
1	119	0	26	568	658	113	130	1631	1189
1	460	0	90	421	824	82	163	1633	6502
1	248	0	43	421	737	82	146	1633	10269
1286	855	257	174	1485	1030	300	214	1640	7486
1286	360	257	71	1485	548	300	114	1640	7487
56	1203	12	225	449	1596	87	300	1641	1729
1	814	0	158	414	1295	81	248	1641	7414
1006	512	199	102	1495	981	300	199	1642	6580
1056	1	210	0	1260	664	253	126	1642	6581
554	1193	102	243	781	1486	150	300	1643	4638
1	981	0	199	427	1421	78	278	1643	6580
1	356	0	64	427	1118	78	202	1643	6582
361	468	72	94	1119	1218	227	248	1646	6158
842	1	171	0	1106	501	225	99	1646	6160
1198	424	244	79	1472	870	300	169	1650	6140
116	721	23	145	680	1242	134	249	1654	6396
405	254	80	46	660	813	130	158	1654	6397
435	809	88	159	1275	1485	266	300	1655	3449
325	223	63	44	1414	1204	293	250	1655	5000
454	231	92	43	1103	1361	229	267	1655	5001
463	1	94	0	976	443	201	90	1655	6555
623	9	124	2	1183	1001	246	206	1655	6556
8	840	1	171	644	1476	126	297	1657	4961
893	7	185	1	1407	520	294	104	1660	4196
930	1	193	0	1355	338	283	70	1660	8905
948	294	196	58	1356	694	279	138	1661	4583
647	751	137	144	1097	1143	228	222	1662	5824
945	17	198	3	1418	605	296	123	1662	5825
1043	20	217	4	1434	375	300	81	1662	6476
701	239	147	47	1434	1168	300	240	1662	6477
593	605	123	123	1052	862	219	178	1663	5825
1	375	0	81	1261	1460	261	300	1663	6476
1261	1	261	0	1463	195	300	38	1663	6477
549	86	114	16	1349	1460	280	292	1663	6479
706	10	143	2	1112	388	229	79	1665	5014
765	6	156	1	1107	406	228	83	1665	5400
887	911	182	180	1306	1256	267	250	1667	6557
81	809	17	159	937	1485	197	300	1668	3449
9	254	2	52	1075	1207	224	251	1668	5000
100	231	21	43	746	1361	157	267	1668	5001
109	1	23	0	1075	750	224	153	1668	6555
8	849	1	168	510	1256	104	250	1669	6557
97	14	20	2	669	587	135	117	1670	4998
315	182	66	37	647	521	134	108	1674	4899
547	297	113	60	1204	915	248	186	1675	6470
729	302	150	55	1204	1069	248	210	1675	6471
508	1319	104	254	752	1537	155	300	1675	10037
592	1	123	0	1208	455	249	93	1675	10038
592	59	123	12	1204	1023	248	197	1675	10039
1	446	0	94	237	648	47	133	1685	2817
1044	14	204	2	1533	477	300	93	1685	4420
1052	1	206	0	1357	964	266	186	1685	4426
1	477	0	93	1060	1518	211	299	1686	4420
1069	1	212	0	1508	396	299	78	1686	4421
458	871	93	152	741	1452	147	261	1686	4429
729	83	144	17	1208	1091	240	210	1686	4430
7	400	1	79	1161	1489	233	300	1687	4421
1161	1	233	0	1504	373	300	72	1687	4422
339	43	69	8	653	762	132	151	1687	4433
1227	103	245	19	1484	544	296	103	1687	4435
1	373	0	72	990	1493	202	300	1688	4422
990	1	202	0	1478	423	300	83	1688	4423
21	829	4	155	266	1280	53	240	1688	4435
299	41	60	9	551	657	111	131	1688	4436
732	525	148	100	1262	1292	255	249	1688	4437
1	423	0	83	1075	1409	231	295	1689	4423
1080	1	232	0	1409	259	300	52	1689	4424
65	773	15	156	368	1389	81	281	1689	4438
523	923	115	189	770	1321	166	265	1689	4439
774	57	167	12	1409	1245	300	242	1689	4440
8	267	1	53	1221	1492	247	300	1690	4424
1221	1	247	0	1464	237	300	52	1690	4425
751	222	151	46	1276	1274	258	257	1690	4443
1291	577	262	105	1464	1154	300	217	1690	4444
627	1091	126	212	1039	1528	209	300	1690	4819
1039	1	209	0	1464	432	300	93	1690	4820
440	1176	82	223	830	1543	163	299	1691	4368
838	5	165	1	1497	597	300	127	1691	4369
1	237	0	52	401	655	75	130	1691	4425
1	432	0	93	257	688	48	141	1691	4820
660	1	127	0	1492	809	299	170	1691	6486
718	1	140	0	1113	903	223	182	1691	6487
1	597	0	127	189	800	36	166	1692	4369
1	813	0	171	189	1019	36	211	1692	6486
1212	468	245	87	1473	684	300	132	1694	2060
186	1230	34	252	358	1443	72	296	1695	3927
165	1203	30	236	475	1521	94	300	1695	7289
145	109	26	20	481	421	95	85	1695	7293
8	382	2	69	350	732	72	141	1696	3850
83	1	18	0	368	290	76	59	1696	3939
431	382	91	69	764	724	159	139	1699	3850
506	5	107	1	764	267	159	54	1699	3939
727	1157	155	214	1259	1561	264	297	1704	3464
645	749	134	139	814	945	169	180	1712	3507
5	210	1	42	381	561	75	113	1726	3433
5	1189	1	243	246	1461	50	300	1726	3927
5	155	1	30	381	492	75	97	1726	7291
5	82	1	15	385	450	76	90	1726	7292
1	82	0	18	339	435	67	88	1730	3574
1	530	0	105	552	1016	110	202	1730	6481
914	664	190	134	1167	913	242	185	1735	3411
72	1	15	0	288	222	61	47	1736	3412
1032	378	210	70	1444	803	300	163	1737	1024
1280	221	263	46	1441	559	299	111	1737	1025
1032	615	210	125	1444	1059	300	220	1737	4389
800	774	162	150	1235	1264	252	251	1749	3916
947	675	194	132	1235	1466	252	280	1749	3917
800	1231	162	238	1045	1524	214	300	1749	4319
946	407	194	80	1361	766	284	155	1753	4272
754	646	147	126	1273	1003	256	201	1759	7950
800	101	158	18	1273	515	256	104	1759	8249
981	490	195	93	1273	947	256	183	1759	8250
320	626	62	124	671	941	131	186	1759	8256
568	1231	126	240	854	1518	187	300	1762	4226
564	57	125	11	859	605	188	122	1762	4227
260	533	58	110	716	988	159	207	1762	4764
260	548	58	105	679	941	152	191	1762	4795
171	5	33	1	1290	1058	261	212	1767	8056
474	1	94	0	1059	709	214	142	1767	8057
276	1	54	0	1046	723	212	148	1767	9392
592	16	119	2	1024	756	208	151	1767	9393
1	683	0	142	856	1343	178	270	1769	2664
837	222	174	42	1334	687	274	134	1777	3651
677	11	132	3	1009	291	198	56	1782	6440
1042	1442	211	271	1176	1564	241	298	1795	8547
1048	6	218	1	1324	249	272	48	1799	6613
566	439	113	81	1326	1179	271	232	1801	4029
845	299	171	53	1092	1035	222	195	1801	4030
566	1044	113	207	1040	1500	212	300	1801	6611
566	127	113	24	1047	1149	213	220	1801	6612
1100	902	223	174	1441	1418	296	277	1804	9275
1100	807	223	168	1467	1206	300	250	1804	9524
842	1103	172	227	1098	1319	225	273	1807	8396
51	799	11	153	641	1358	134	264	1808	7628
816	1093	172	206	1143	1320	238	253	1808	9254
516	1337	99	261	768	1520	152	300	1814	1631
1	1110	0	225	396	1449	83	298	1816	8671
1	296	0	55	418	1208	88	235	1816	8672
1	426	0	87	396	858	83	180	1816	8679
621	913	127	191	900	1226	187	257	1820	3974
621	759	127	153	1147	1276	238	261	1820	8678
982	920	192	180	1288	1272	252	250	1825	8644
166	1429	31	274	687	1546	137	300	1827	6998
390	849	77	164	934	1283	184	253	1827	8644
1038	390	208	69	1461	795	295	152	1836	2726
257	1021	54	196	722	1485	154	295	1848	1558
277	75	59	15	689	1382	148	279	1848	1559
304	10	65	2	841	468	179	100	1848	4214
601	936	124	185	887	1226	187	248	1849	8884
613	210	121	37	815	401	161	74	1855	6092
306	28	61	6	473	224	94	46	1860	8973
161	902	30	178	1068	1452	230	295	1861	8971
1322	332	257	62	1553	583	300	115	1863	9033
629	1	130	0	826	215	168	44	1864	9018
994	197	204	38	1240	444	257	91	1865	9027
360	288	68	55	665	530	127	102	1867	3021
181	1207	33	224	602	1446	115	271	1867	8682
360	897	68	163	665	1201	127	221	1867	9468
222	715	42	137	648	1143	126	221	1872	9493
896	1415	181	270	1030	1549	210	299	1876	1029
570	148	116	32	968	546	196	111	1877	3902
91	1	20	0	320	211	66	42	1879	10346
1268	1268	256	229	1397	1397	282	255	1880	298
128	1333	28	262	297	1517	62	298	1882	8173
213	1077	42	214	654	1502	131	300	1883	7449
256	237	50	43	773	1142	154	215	1883	7450
261	962	51	187	803	1433	161	280	1883	9393
248	1264	48	260	447	1453	89	300	1883	9443
451	1	90	0	990	445	199	90	1883	9444
27	456	4	86	284	655	57	127	1891	10352
734	1124	146	219	1071	1517	215	300	1905	9181
1071	1	215	0	1504	353	300	66	1905	9182
832	22	166	4	997	527	201	108	1905	9183
1	353	0	66	475	854	90	161	1906	9182
340	818	67	158	697	1174	140	231	1914	9229
1209	932	243	180	1411	1167	285	230	1918	9717
801	791	156	157	931	905	183	181	1919	9718
672	818	132	164	950	1130	189	226	1924	2459
734	77	145	13	920	452	184	87	1924	2460
19	817	4	159	770	1485	164	299	1925	10837
1076	349	214	70	1531	643	300	126	1928	4360
510	1373	106	267	672	1532	140	300	1931	5311
850	9	176	2	1376	592	286	121	1931	8146
1	1337	0	260	174	1526	36	300	1935	2428
576	418	112	81	878	701	173	138	1942	6547
302	740	59	150	743	1143	152	233	1943	11096
1219	929	245	184	1477	1301	300	261	1946	6485
933	762	196	139	1337	1127	283	213	1948	7729
985	1183	197	221	1199	1400	240	265	1949	4636
67	25	15	5	222	204	48	43	1949	8862
1	192	0	39	470	688	98	140	1950	7457
5	265	1	54	470	635	98	129	1950	9288
652	554	136	116	1135	983	234	200	1950	9350
448	1104	90	207	887	1554	183	300	1952	3390
471	588	95	111	924	1013	189	200	1952	10990
12	36	2	8	224	263	48	58	1953	9396
980	1107	199	216	1324	1527	266	299	1961	3454
783	572	157	114	1402	1325	282	263	1961	8072
1037	140	211	24	1398	840	281	152	1961	8073
977	734	198	141	1402	1210	282	235	1961	9051
1116	838	225	162	1414	1281	289	256	1962	3611
400	1118	84	205	772	1497	165	286	1963	9047
1	769	0	149	201	949	38	184	1964	3630
14	50	3	11	189	262	36	54	1964	9038
1007	159	200	30	1274	425	252	79	1964	9051
282	1195	55	230	557	1491	113	291	1966	5297
1016	1081	201	209	1311	1380	261	270	1969	1708
1016	809	201	159	1311	1104	261	219	1969	5572
211	230	39	37	533	568	105	105	1972	1660
401	286	76	50	533	424	105	80	1972	1661
466	39	90	8	969	438	196	90	1972	6189
654	96	130	20	969	379	196	78	1972	8030
1173	1194	240	242	1430	1375	294	281	1973	8504
804	1374	155	270	955	1512	188	300	1975	4034
962	9	189	1	1520	508	298	97	1975	4035
774	592	149	111	1520	1220	298	234	1975	4902
784	1303	151	259	978	1491	192	298	1975	8542
992	1	195	0	1520	502	298	97	1975	8543
555	1011	108	200	1033	1368	208	274	1977	3731
555	1281	108	248	1004	1523	202	298	1977	8550
1	560	0	102	246	797	52	151	1980	2836
866	1	180	0	1145	254	243	56	1981	1694
799	6	169	1	1159	419	246	90	1982	1664
659	882	141	174	1135	1382	241	278	1982	1702
712	12	151	2	1036	562	218	112	1982	1703
466	1138	100	231	887	1483	184	300	1983	8549
52	863	9	161	392	1273	84	252	1993	8508
164	413	33	80	392	1112	84	228	1993	8509
205	822	42	169	438	1028	91	212	1994	10582
492	292	103	55	1096	758	228	151	2002	348
492	199	103	34	1058	438	219	82	2002	429
542	316	111	60	893	506	182	97	2003	429
222	936	44	188	760	1502	151	299	2003	6662
542	133	111	22	881	612	179	111	2003	6665
49	375	10	75	1134	1480	232	300	2003	8606
419	1	85	0	1159	720	237	145	2003	11152
675	1094	135	211	893	1451	182	284	2003	11153
1	1153	0	232	355	1502	68	299	2004	6662
19	418	3	81	161	556	32	109	2004	6664
1	772	0	155	434	1203	86	241	2004	8606
75	1	15	0	434	365	86	72	2004	11152
19	380	3	74	282	891	54	171	2004	11153
344	141	72	29	747	631	149	121	2008	5558
253	573	52	113	747	1160	149	229	2008	7653
173	1345	37	265	373	1511	79	300	2012	10299
1	1127	0	226	324	1486	62	296	2015	9266
62	54	11	9	287	616	55	113	2015	9268
971	398	202	80	1409	848	300	179	2019	2138
1	848	0	179	387	1218	81	257	2020	2138
112	546	24	110	375	770	78	156	2020	9642
99	689	19	141	475	1071	95	219	2029	10545
449	927	96	177	723	1196	150	231	2032	8786
308	997	67	197	740	1396	153	276	2032	8793
364	260	79	47	643	708	135	136	2032	8794
1006	864	211	172	1222	1085	258	220	2033	8770
1020	1122	204	227	1338	1355	272	276	2038	8823
160	21	32	4	759	468	148	94	2049	8846
1038	516	213	106	1345	835	280	175	2050	7179
1117	36	230	7	1352	548	282	117	2050	7180
1080	837	221	159	1345	1115	280	220	2050	11037
1212	891	250	171	1307	1239	272	244	2050	11038
272	336	54	64	642	730	129	143	2051	9352
569	144	115	30	976	507	203	104	2052	5069
600	311	122	65	1038	842	214	175	2052	11103
651	317	138	59	1277	922	268	183	2053	5070
648	1074	137	205	955	1362	203	266	2053	6617
597	301	127	63	1253	890	264	186	2053	11103
627	1301	122	242	853	1515	166	284	2055	9101
443	409	87	78	608	586	120	113	2057	7477
352	233	71	44	649	524	128	100	2059	5080
432	273	88	55	635	446	128	88	2062	5240
1	1129	0	207	420	1430	89	269	2067	9911
1	1112	0	212	217	1304	45	252	2067	11238
1154	192	234	34	1454	432	300	87	2068	5102
10	447	1	89	600	984	110	186	2069	5102
729	273	155	52	830	369	178	74	2070	5256
806	506	160	96	1112	848	221	164	2073	5355
453	549	94	107	789	899	166	183	2075	5342
908	6	183	1	1450	468	294	96	2076	732
157	110	33	24	1390	1257	283	252	2080	459
1	60	0	14	1477	1338	300	275	2080	5388
1174	14	239	2	1390	221	283	44	2080	5389
1	562	0	116	901	1493	182	300	2080	7248
740	10	146	2	1477	702	300	143	2080	7249
344	90	68	18	1304	1220	266	246	2080	7274
671	296	132	59	1465	1132	297	227	2080	7277
54	231	11	46	796	1038	156	208	2081	5389
1	702	0	143	757	1468	149	300	2081	7249
134	1121	26	224	645	1494	127	300	2081	7274
1	832	0	159	428	1228	93	244	2082	2205
1	168	0	33	504	639	109	133	2082	5404
1098	793	229	159	1420	1156	296	235	2084	3267
4	694	1	139	552	1277	115	261	2086	9007
1	668	0	120	560	1199	117	232	2086	10487
218	400	40	78	530	729	100	140	2092	7049
1143	379	227	75	1505	760	300	150	2094	7006
1277	32	257	6	1414	150	284	30	2094	7009
572	292	112	59	896	612	182	128	2095	7518
716	101	152	19	1167	619	246	125	2096	5455
1277	677	239	116	1564	999	300	186	2099	5687
1364	214	258	44	1564	733	300	146	2099	5688
1356	1301	256	256	1547	1505	297	300	2099	6170
705	21	146	4	1463	857	300	172	2100	3717
728	52	150	10	962	432	197	83	2100	3719
1197	80	245	15	1450	696	297	134	2100	3721
188	677	39	116	560	1080	118	203	2100	5687
272	214	58	44	560	1057	118	213	2100	5688
765	951	158	177	1307	1558	269	300	2100	6058
1307	1	269	0	1463	156	300	30	2100	6059
765	421	158	82	962	812	197	160	2100	6061
1183	863	242	173	1438	1393	294	278	2100	6062
264	1301	56	256	461	1505	98	300	2100	6170
188	578	39	110	543	874	116	173	2100	10534
188	204	39	38	560	493	118	101	2100	10541
95	352	19	72	284	528	55	105	2101	1031
25	983	5	198	511	1496	101	298	2101	3717
517	5	102	1	1320	765	268	160	2101	3718
167	67	33	9	831	1560	168	300	2101	3722
25	284	5	56	1254	1487	256	300	2101	6059
162	967	32	185	318	1395	61	267	2101	6063
344	82	66	15	1123	1549	226	300	2101	6064
1036	1279	209	243	1347	1550	273	298	2101	8912
4	277	1	57	564	898	119	188	2102	6060
1020	346	210	71	1448	722	300	149	2102	6320
1101	441	226	87	1448	984	300	198	2102	6321
699	261	137	45	1524	1064	300	205	2103	6068
685	549	135	109	1117	1512	222	298	2103	6070
1129	70	224	12	1276	403	255	77	2103	6071
1	722	0	149	495	1188	97	239	2103	6320
26	1085	5	215	226	1337	44	264	2103	6321
733	680	145	129	1517	1444	300	286	2104	5726
818	531	160	109	1204	1326	235	263	2104	5727
1	1064	0	205	590	1553	115	299	2104	6068
77	39	15	6	706	1202	140	229	2104	6072
1	829	0	162	355	1154	74	230	2105	3955
1	812	0	168	168	1367	36	282	2105	3956
61	1	14	0	541	482	113	101	2105	5727
1	341	0	74	546	1413	114	289	2105	5728
170	1	37	0	638	381	130	78	2106	928
406	754	81	144	634	1109	129	214	2106	929
6	430	1	81	763	980	157	196	2106	10855
1	1110	0	215	381	1532	73	298	2107	4235
773	1031	156	211	1222	1476	246	299	2117	9449
878	684	177	134	1129	1104	227	217	2117	9450
756	906	155	175	1193	1341	247	267	2123	8429
842	14	173	3	1185	648	246	133	2123	8430
1	1281	0	247	287	1553	55	300	2124	4154
1	1151	0	225	279	1406	54	275	2124	9694
1	239	0	51	279	1038	54	203	2124	9695
849	1278	173	257	1020	1463	208	295	2127	9693
899	906	184	175	1335	1341	276	267	2128	8429
980	22	201	5	1327	648	275	133	2128	8430
796	1016	162	196	1166	1474	237	288	2131	5122
751	412	154	85	1117	670	227	134	2131	5123
570	1308	113	262	692	1437	139	290	2133	9134
703	919	150	190	1169	1329	242	269	2135	5590
799	309	168	56	1169	684	242	129	2135	9005
1	225	0	45	591	938	130	198	2141	6414
1	593	0	114	483	1174	106	241	2141	7551
1	364	0	71	483	901	106	188	2141	7832
10	1297	2	255	221	1508	45	297	2144	1009
10	520	2	101	465	943	95	188	2144	5189
276	869	60	165	705	1282	146	250	2151	9123
547	355	107	70	1548	1134	300	219	2158	9835
920	1	180	0	1548	814	300	157	2158	11087
1378	1	265	0	1548	226	300	45	2158	11090
547	883	107	166	1192	1541	228	291	2158	11139
1124	1	216	0	1540	370	299	74	2158	11140
210	512	42	95	510	1077	105	212	2159	11087
32	23	6	5	488	318	100	65	2159	11090
34	151	6	32	1373	1427	281	298	2160	7220
794	812	159	160	1058	1392	214	275	2160	7224
1206	21	244	4	1452	288	293	59	2168	5510
408	1	88	0	673	236	144	50	2169	3770
534	921	103	178	1143	1517	223	299	2170	5504
598	28	116	6	876	737	171	148	2170	5505
330	658	65	122	1281	1547	255	300	2174	4800
1281	1	255	0	1491	187	300	40	2174	4801
864	1085	168	191	1037	1528	206	283	2174	4802
1055	190	210	39	1387	776	277	159	2174	4803
787	1199	151	221	1010	1440	200	273	2174	4909
281	75	56	13	1491	1153	300	231	2174	6506
549	197	108	39	1169	1552	232	300	2174	6507
618	1	121	0	1491	737	300	149	2174	7631
917	15	178	3	1499	533	299	105	2175	2467
294	375	62	80	553	609	116	127	2179	6448
887	1	188	0	1440	606	297	121	2182	3441
1	611	0	122	464	1020	97	206	2183	3441
350	1095	73	210	811	1564	163	300	2187	1394
604	1070	126	210	849	1535	171	296	2187	1395
532	5	112	1	1230	789	244	151	2187	7688
133	496	28	94	1172	1487	246	300	2191	5621
220	957	47	194	512	1489	110	300	2191	5622
609	807	129	161	1060	1469	222	296	2191	5623
206	1036	44	197	704	1524	149	300	2191	8394
704	1	149	0	1423	685	298	142	2191	8395
694	1	147	0	1202	1069	253	220	2191	8396
203	929	43	182	836	1494	176	300	2191	10012
192	534	40	110	892	1474	186	299	2191	10013
880	26	184	4	1433	947	300	191	2191	10014
47	222	9	43	1028	1410	216	292	2192	9685
958	192	204	39	1374	500	287	103	2192	9686
1032	223	217	46	1392	431	291	90	2192	9690
124	407	24	84	832	1050	169	218	2193	4387
224	20	45	4	832	1431	169	282	2193	4388
1052	608	220	110	1365	927	284	176	2194	552
1081	1	227	0	1365	306	284	62	2194	5616
454	241	94	46	1052	814	220	165	2194	8698
984	849	204	162	1423	1275	297	250	2195	6398
165	960	33	173	455	1208	92	226	2197	600
739	274	155	56	1409	1075	298	227	2200	143
744	895	156	171	1304	1497	277	298	2200	4725
288	15	59	3	1418	1187	300	252	2200	6870
1060	84	222	18	1285	371	272	78	2200	6871
319	600	65	118	681	1480	143	300	2200	6872
803	404	168	79	1439	1001	300	198	2201	144
154	568	37	113	910	1333	191	271	2201	4726
154	1051	37	203	589	1488	130	299	2201	4729
626	160	136	29	910	820	191	150	2201	4730
1	1187	0	252	210	1396	49	300	2201	6870
210	1	49	0	1439	1239	300	251	2201	6871
5	926	1	180	273	1468	62	295	2201	6874
273	11	62	2	960	1322	202	256	2201	6875
970	51	205	12	1425	1328	297	264	2201	6876
1	1239	0	251	254	1492	48	300	2202	6871
792	236	166	44	1429	905	300	185	2205	5133
1065	769	226	162	1308	1360	275	279	2205	5134
254	1338	52	250	476	1589	98	300	2207	11266
947	508	187	103	1180	744	235	152	2208	7790
268	128	57	26	871	914	185	193	2211	5063
558	96	117	17	925	599	197	122	2211	5064
376	727	78	144	871	1248	185	255	2211	5984
470	1	98	0	871	935	185	185	2211	5985
1	1169	0	239	481	1276	101	262	2213	6890
29	954	4	193	439	1338	88	272	2214	6294
898	72	183	15	1437	631	289	121	2215	5558
1	121	0	25	923	1265	188	260	2215	6899
177	23	35	4	732	1549	149	297	2215	6901
939	573	191	113	1437	1160	289	229	2215	7653
64	21	14	4	889	832	181	169	2215	8727
74	359	16	70	626	1488	124	286	2215	8728
1	292	0	59	923	1408	188	288	2215	9344
1	156	0	32	1149	1323	232	271	2215	9414
9	69	2	15	798	1439	162	280	2215	9415
181	145	37	29	947	860	201	181	2216	8851
134	693	27	137	947	1455	201	296	2216	8859
294	428	62	90	1108	1264	234	262	2216	9169
446	1	96	0	1141	847	241	171	2216	9592
670	626	144	119	1131	1552	239	300	2216	9593
836	958	168	171	1312	1255	258	227	2217	1753
451	27	89	5	1312	835	258	158	2217	1754
379	456	76	87	1420	1351	280	259	2217	7414
474	36	94	8	1044	1211	208	236	2217	7415
418	798	83	162	1189	1406	235	287	2217	7486
591	372	114	74	1156	1161	229	234	2217	7487
742	944	147	185	1312	1373	258	267	2217	7532
929	435	186	87	1299	959	255	185	2217	7533
1	550	0	115	299	845	62	178	2217	8851
59	549	14	103	278	1509	58	292	2217	8853
274	963	55	182	448	1511	91	298	2219	8785
451	1	92	0	690	232	137	44	2219	8786
1035	1	207	0	1468	500	299	106	2220	5730
1	783	0	155	328	1020	64	204	2220	6710
1146	1173	235	236	1330	1396	273	284	2221	602
1153	1167	237	235	1332	1389	275	282	2222	602
74	5	15	1	563	598	114	121	2222	8737
167	826	35	159	563	1493	114	291	2222	8738
1138	388	234	81	1332	631	275	131	2222	8788
85	1173	16	236	299	1400	61	285	2223	602
827	1126	170	222	1205	1455	247	292	2223	1279
394	216	79	37	705	755	145	149	2224	1257
1	80	0	18	1229	1451	256	300	2224	1288
312	230	64	41	676	740	140	146	2224	1290
465	1058	94	207	872	1469	180	291	2224	1290
982	493	202	97	1437	1051	300	212	2224	1291
366	230	77	47	653	583	140	125	2225	10917
252	1	53	0	1430	1078	300	222	2226	6476
70	291	14	57	784	1476	166	299	2226	6477
1111	83	233	15	1430	564	300	111	2226	6479
1	1078	0	222	452	1460	94	300	2227	6476
452	1	94	0	664	209	135	40	2227	6477
1	564	0	111	543	1503	114	300	2227	6479
1	1311	0	260	176	1474	42	298	2229	6232
926	1291	189	249	1147	1541	233	299	2230	4939
1066	117	209	23	1372	676	270	134	2231	2009
293	1057	58	201	809	1543	160	299	2231	6714
623	667	127	129	1459	1455	300	294	2232	2063
623	274	127	51	849	692	174	134	2232	2064
962	1	197	0	1459	567	300	119	2232	2065
1024	383	210	84	1442	746	297	160	2232	5750
619	1238	126	242	929	1510	191	300	2232	6726
623	169	127	35	941	900	193	179	2232	6727
916	54	188	12	1459	495	300	107	2232	6728
1	495	0	107	487	1052	103	224	2233	6728
1110	1	229	0	1282	166	262	31	2238	3670
695	568	145	113	1277	1234	261	246	2238	5487
766	1	161	0	1277	1057	261	199	2238	5488
594	540	125	106	1170	1075	239	205	2244	5685
6	976	1	195	530	1414	111	288	2253	4538
1	676	0	130	248	1175	53	236	2253	10491
781	1196	153	225	1165	1595	224	300	2257	3094
328	1299	66	254	542	1524	110	299	2259	2344
328	1075	66	216	547	1326	111	265	2259	2371
562	6	118	1	1022	735	219	148	2265	10652
7	205	1	42	205	735	46	148	2266	10652
11	1121	2	207	412	1564	83	299	2267	5671
11	1028	2	195	444	1465	88	282	2267	10391
1049	727	216	142	1304	981	268	195	2268	5485
419	10	86	2	892	476	177	93	2280	5670
419	821	86	164	1005	1233	198	241	2280	7889
1	1241	0	236	283	1530	60	300	2281	5664
311	1	66	0	899	589	188	123	2281	5665
139	714	28	142	894	1305	187	268	2281	9294
51	1007	9	184	715	1541	149	300	2281	10369
26	1	5	0	283	242	56	49	2289	9742
1100	227	234	46	1393	545	299	114	2296	2231
1076	72	229	13	1393	431	299	89	2296	4873
1100	302	234	62	1393	634	299	133	2296	9307
1	559	0	117	442	1007	96	212	2297	2231
458	760	100	147	785	1095	171	219	2297	2235
454	1006	99	192	861	1362	187	267	2297	4251
1	494	0	102	446	999	97	210	2297	4873
472	615	103	126	861	1066	187	220	2297	4876
814	186	177	39	1027	432	223	91	2297	5259
454	545	99	115	861	1101	187	232	2297	9309
461	1183	93	226	777	1550	156	300	2305	3102
444	1015	90	195	918	1543	184	300	2305	10670
701	1357	144	263	1074	1527	221	300	2307	6618
73	148	17	29	451	499	95	102	2322	10582
739	1	158	0	941	227	201	49	2326	1020
74	943	13	191	405	1471	83	300	2327	6056
74	199	13	43	489	1233	101	250	2327	6057
825	352	166	72	1013	549	202	109	2330	1031
1	118	0	25	1280	1504	257	300	2330	3717
1280	1	257	0	1480	201	300	42	2330	3718
1	141	0	28	185	529	36	102	2330	3719
489	72	99	13	808	1008	162	197	2330	3721
884	67	178	9	1480	1344	300	256	2330	3722
1	972	0	182	577	1558	117	300	2330	6058
577	1	117	0	1480	1028	300	205	2330	6059
1	490	0	97	185	893	36	177	2330	6061
215	8	42	2	366	366	75	74	2330	6062
433	815	88	163	769	1455	156	292	2330	6062
884	972	178	186	1047	1395	208	267	2330	6063
1078	78	215	14	1480	889	300	175	2330	6064
1	201	0	42	625	757	128	158	2331	3718
140	1	29	0	614	1071	126	207	2331	3723
1	1028	0	205	563	1487	117	300	2331	6059
563	1	117	0	1440	893	300	187	2331	6060
604	500	124	97	1159	1495	244	300	2331	6065
350	1279	71	243	646	1560	132	300	2331	8912
646	6	132	1	1440	681	300	144	2331	8913
593	394	122	74	1064	1471	223	289	2331	8914
950	644	194	121	1488	1104	300	213	2332	5726
1116	531	228	109	1488	1310	300	259	2332	5727
171	738	35	142	682	1154	142	230	2333	3955
85	326	16	66	495	1367	104	282	2333	3956
85	775	16	154	827	1487	172	300	2333	5676
1	1107	0	214	389	1507	82	300	2333	5726
389	1	82	0	887	482	185	101	2333	5727
66	11	12	2	892	1413	186	289	2333	5728
80	861	15	174	424	1118	89	229	2333	6077
74	64	14	13	722	594	150	127	2333	6089
390	1384	74	268	546	1532	108	300	2334	927
546	1	108	0	985	381	196	78	2334	928
749	746	146	143	981	1109	195	214	2334	929
390	430	74	81	1110	980	223	196	2334	10855
945	198	194	37	1292	503	266	101	2336	1278
1	469	0	88	793	1283	164	259	2336	1321
500	1	103	0	907	566	186	111	2336	1323
1022	1272	212	245	1431	1470	300	287	2337	10812
62	1	13	0	362	291	72	57	2338	10813
113	23	24	4	362	720	72	137	2338	10814
79	132	16	24	357	408	77	84	2339	385
1158	334	240	61	1425	624	296	120	2342	10520
800	449	170	96	1146	738	241	155	2344	5785
41	758	8	159	358	1126	75	237	2345	5773
103	1302	20	249	373	1548	77	299	2345	9195
15	994	3	189	546	1511	108	294	2346	6769
1	794	0	156	344	1122	71	223	2347	5744
8	1139	1	226	348	1468	72	295	2347	10517
1180	128	242	23	1400	714	287	141	2348	5744
54	1	11	0	405	436	87	89	2348	6608
840	399	171	82	1256	845	261	178	2350	5783
278	868	60	175	671	1221	141	248	2354	5788
339	20	72	5	671	641	141	124	2354	5789
847	756	176	154	1405	1437	286	290	2354	9356
931	10	192	2	1203	852	247	173	2354	9357
1	859	0	177	385	1272	77	256	2355	9356
578	1	113	0	1478	868	300	183	2357	5799
605	311	118	59	1153	1297	232	259	2357	5802
1164	752	234	150	1478	1488	300	295	2357	5803
1	868	0	183	491	1458	97	300	2358	5799
491	1	97	0	1460	981	300	207	2358	5800
890	1	182	0	1460	1332	300	276	2358	5806
1	937	0	191	407	1238	77	248	2359	2305
643	1	125	0	1074	229	205	43	2359	2306
11	616	2	131	495	1475	96	300	2359	5800
495	1	96	0	1538	963	295	184	2359	5801
206	440	37	83	598	1323	118	258	2359	5807
1114	225	213	44	1533	1086	294	213	2359	5809
1	963	0	184	317	1308	62	252	2360	5801
1104	1062	226	220	1480	1439	300	293	2363	5815
1233	566	254	107	1476	984	299	184	2363	5816
154	1	33	0	855	713	180	147	2369	5811
350	942	70	183	705	1284	141	252	2380	6709
455	1	91	0	690	389	138	76	2380	6710
264	974	54	195	675	1398	141	285	2381	4947
431	7	90	1	728	627	152	127	2381	4949
184	351	36	71	1140	1147	238	237	2381	5838
547	585	107	113	1019	1103	207	223	2383	8989
673	1	135	0	1002	878	204	171	2383	8990
74	56	15	12	229	653	50	130	2390	6274
1030	558	212	111	1438	805	300	167	2403	6287
191	160	41	33	681	842	142	177	2404	6290
371	558	76	111	1303	1436	273	300	2405	6287
1303	1	273	0	1435	138	300	29	2405	6288
517	1	105	0	985	1189	206	234	2405	6289
999	22	209	4	1435	1248	300	259	2405	6290
1	138	0	29	1071	1152	223	237	2406	6288
256	1123	53	216	510	1459	108	288	2406	6291
51	279	10	47	418	974	87	188	2406	6291
651	368	137	68	1035	1335	215	257	2406	6292
908	716	184	145	1491	1326	299	266	2416	6172
1025	1	208	0	1491	458	299	90	2416	6308
58	596	10	114	898	1519	178	296	2417	4855
953	1	190	0	1161	427	233	88	2417	4856
200	1	36	0	1030	963	207	194	2417	6173
1	458	0	90	1003	1478	201	293	2417	6308
979	1	195	0	1179	224	237	46	2417	6309
29	606	5	118	404	1329	75	248	2417	6310
623	999	118	194	936	1542	186	299	2417	6311
917	6	182	1	1121	1052	225	206	2417	6312
12	419	2	75	514	948	110	186	2419	9933
711	205	147	41	1003	709	202	140	2421	6550
1052	1229	212	232	1496	1531	297	289	2421	6581
670	987	132	190	986	1296	193	251	2422	2642
530	11	103	2	992	498	194	98	2422	5956
331	910	70	181	713	1263	150	256	2424	6483
1	945	0	196	111	1069	22	221	2429	5848
49	1	10	0	184	135	41	31	2430	3468
1	1081	0	203	423	1400	83	263	2432	990
1163	616	228	119	1505	939	300	189	2434	1941
699	26	142	6	1397	883	275	174	2439	6047
401	672	81	134	1176	1491	236	298	2440	4289
1171	40	235	8	1530	400	300	74	2440	4290
427	149	85	28	868	1213	175	240	2440	4294
401	856	81	162	1054	1510	213	297	2440	6373
983	6	198	1	1530	661	300	124	2440	6374
542	18	109	4	1530	1120	300	222	2440	7344
1	400	0	74	1230	1543	244	300	2441	4290
1230	1	244	0	1494	264	298	53	2441	4291
939	91	184	15	1288	888	255	175	2441	4300
1	661	0	124	437	1149	80	215	2441	6374
476	1	86	0	1494	1331	298	277	2441	6375
510	487	92	91	849	1347	165	256	2441	6382
832	65	161	13	1323	797	262	164	2441	6383
1	1120	0	222	384	1550	68	300	2441	7344
384	1	68	0	1494	1410	298	292	2441	7345
884	30	172	6	1437	1470	286	296	2441	7354
1	333	0	66	1060	1486	216	300	2442	4291
1060	1	216	0	1460	390	300	81	2442	4292
206	918	42	185	368	1376	74	276	2442	4303
7	22	1	4	1131	1428	230	294	2442	6376
7	118	1	23	1116	1478	227	300	2442	7346
1	390	0	81	1043	1435	219	300	2443	4292
1043	1	219	0	1437	414	300	86	2443	4293
1	797	0	160	510	1474	106	299	2443	4308
499	4	104	1	1002	1446	210	291	2443	4309
1010	1	212	0	1437	1312	300	264	2443	4310
1	352	0	75	993	1420	208	298	2443	6377
1002	32	210	6	1437	483	300	100	2443	6378
24	194	5	40	865	1508	180	300	2443	6386
805	38	168	8	1399	1231	293	244	2443	6387
1	403	0	84	943	1445	197	300	2443	7347
993	88	208	19	1437	560	300	118	2443	7348
293	655	62	131	697	1455	144	288	2443	7359
1139	256	240	51	1437	555	300	110	2443	10001
455	502	95	101	767	927	160	187	2443	11292
1	414	0	86	434	896	90	188	2444	4293
899	646	183	130	1478	1167	300	235	2444	5363
933	25	191	5	1101	609	226	124	2444	5364
867	1081	176	217	1275	1491	260	300	2444	6389
200	1173	39	235	517	1483	106	300	2445	8079
517	1	106	0	1479	956	300	195	2445	8080
1	956	0	195	518	1473	104	299	2446	8080
1	912	0	183	417	1437	91	293	2450	8156
1099	33	229	6	1459	389	300	78	2451	6165
1132	645	234	130	1459	992	300	200	2451	9422
1099	121	229	24	1459	600	300	122	2451	10380
1	389	0	78	858	1261	179	254	2452	6165
388	95	78	20	653	530	134	111	2452	6167
1	992	0	200	473	1470	97	300	2452	9422
456	43	93	9	788	309	164	65	2452	9423
282	345	55	64	788	1212	164	241	2452	9424
90	789	17	160	674	1453	140	300	2452	10380
144	1030	29	201	470	1502	96	299	2452	10383
456	18	93	3	619	404	127	84	2452	10384
293	1298	60	260	492	1484	102	300	2457	5925
696	407	141	84	1326	1050	271	218	2462	4387
969	476	196	88	1326	1431	271	282	2462	4388
258	735	50	142	622	1116	127	220	2462	8378
179	1	38	0	925	766	192	156	2464	3441
548	1073	111	211	969	1502	198	299	2466	8387
969	1	198	0	1170	238	242	51	2466	8388
994	80	204	15	1129	329	234	67	2466	8389
6	911	1	176	630	1512	132	300	2471	5244
60	1004	13	193	725	1527	153	300	2471	6115
725	1	153	0	1170	445	243	89	2471	6116
33	625	6	115	1068	1495	222	295	2471	6764
418	21	88	4	1121	1042	233	200	2471	6766
652	327	133	58	769	443	154	79	2478	4850
34	160	6	28	223	326	45	63	2480	9577
31	1	6	0	630	606	129	123	2481	2425
1	503	0	104	630	1174	129	241	2481	4483
128	1	23	0	630	413	129	87	2481	4508
135	28	24	5	630	734	129	147	2481	4509
1	490	0	102	630	1048	129	215	2481	6879
624	14	131	3	1059	423	221	87	2482	3275
285	254	63	49	406	384	89	75	2482	4657
154	450	31	85	1332	1505	273	300	2487	6560
225	851	46	166	613	1454	127	286	2487	6561
963	820	198	164	1376	1481	281	290	2487	6562
978	276	197	58	1256	531	256	111	2489	8651
1024	1252	199	238	1355	1573	262	300	2494	7929
981	95	191	18	1458	1025	282	198	2494	7930
1099	1	214	0	1466	365	284	69	2494	8047
990	479	201	94	1469	905	300	182	2495	5487
406	1	81	0	1017	583	203	116	2496	3672
507	471	104	85	1288	1252	252	240	2497	11179
497	5	100	1	1116	658	227	136	2511	6668
182	1021	32	189	802	1553	164	299	2511	10081
419	783	81	150	1037	1442	204	282	2512	7628
661	812	130	150	977	1573	193	296	2512	7629
363	1327	72	257	559	1544	113	300	2516	5009
559	1	113	0	1243	802	242	155	2516	5010
597	1	120	0	1191	1434	233	272	2516	5011
662	231	132	47	1167	1050	229	204	2516	5890
239	1111	49	195	722	1655	144	300	2516	6573
715	21	142	5	1280	586	249	111	2516	6574
715	33	142	7	1280	1094	249	203	2516	6575
797	634	166	120	1406	1074	284	208	2521	1082
822	875	171	170	1395	1488	282	291	2521	6620
849	799	177	158	1395	1350	282	265	2521	10869
996	947	208	185	1308	1557	268	297	2521	10870
797	438	166	76	1387	925	281	171	2521	11313
374	14	74	3	757	458	148	91	2522	6646
713	383	139	68	900	561	174	101	2522	6648
975	350	200	71	1128	508	233	105	2525	3909
758	820	157	178	1192	1295	248	279	2525	5418
859	389	177	75	1128	676	233	137	2525	7044
989	1364	203	268	1144	1518	235	300	2532	9783
102	338	22	69	686	808	137	160	2536	9788
1119	1384	227	262	1289	1520	264	291	2538	9776
273	191	56	34	875	717	177	138	2540	3962
842	1296	170	262	975	1488	198	300	2541	9317
897	872	180	169	1493	1447	300	285	2546	2347
893	70	179	14	1493	1489	300	286	2546	2348
897	1008	180	201	1192	1525	239	299	2546	5650
1196	4	240	1	1493	298	300	61	2546	5651
1337	1420	269	279	1443	1523	290	300	2546	9809
1	298	0	61	354	584	73	122	2547	5651
160	1	35	0	1559	1482	300	281	2548	11131
171	920	37	178	420	1594	85	300	2548	11133
542	993	108	186	793	1353	157	257	2548	11134
1374	747	266	142	1559	981	300	183	2548	11137
109	1	20	0	822	712	153	132	2549	11132
596	1223	111	230	783	1567	145	295	2549	11138
1114	242	230	44	1408	513	292	103	2552	11147
679	1	137	0	864	164	177	35	2554	9840
1125	279	224	54	1410	565	284	114	2556	4548
154	77	31	16	363	313	72	62	2556	5151
1150	816	230	167	1410	1083	284	222	2556	9840
1051	12	211	2	1459	413	300	90	2558	850
1082	1103	218	216	1422	1434	291	285	2558	2728
1157	1	236	0	1454	285	299	60	2558	5268
1272	58	261	10	1459	425	300	86	2558	5270
1	413	0	90	741	1481	147	298	2559	850
755	1	150	0	1365	630	278	131	2559	851
147	536	30	100	668	1374	132	266	2559	853
11	281	2	59	978	1489	198	300	2559	5268
978	1	198	0	1365	413	278	83	2559	5269
1	425	0	86	672	1502	133	300	2559	5270
796	252	159	49	1178	1283	240	258	2559	5272
1182	122	241	22	1347	624	275	118	2559	5273
770	389	153	74	941	563	189	111	2559	6038
184	630	37	116	1129	1515	233	299	2565	6764
1138	1110	228	216	1492	1421	300	280	2567	9848
1138	874	228	174	1492	1226	300	247	2567	11122
108	21	21	4	1240	1249	244	245	2568	1445
117	1	22	0	1501	1313	300	260	2568	9849
1	1226	0	247	315	1519	58	300	2568	11122
315	1	58	0	1240	1222	244	246	2568	11123
1	1026	0	198	205	1493	45	300	2569	9849
213	40	47	9	429	153	93	33	2569	9850
81	5	18	1	253	570	56	121	2569	9858
1166	797	225	150	1521	1169	293	222	2571	3960
433	1100	83	225	801	1490	154	300	2572	5148
939	754	180	152	1314	1144	251	227	2572	5242
590	698	118	130	1062	1158	216	228	2574	11250
1085	207	216	41	1319	455	267	95	2579	4578
742	1025	146	194	1210	1470	244	287	2579	9841
678	1198	139	229	980	1508	204	296	2585	9819
5	26	1	6	544	523	109	104	2586	9845
732	969	141	189	1034	1311	197	256	2586	11155
