b1	b2	bw1	bw2	e1	e2	ew1	ew2	seq1	seq2
1359	1161	263	230	1551	1353	300	267	2	9
1	1353	0	267	165	1517	33	300	3	9
165	1	33	0	1023	894	211	183	3	10
1070	1249	220	234	1230	1439	247	265	3	12
1303	155	261	29	1433	279	288	55	3	13
163	294	30	58	399	616	79	122	6	13
417	1259	82	231	1185	1603	230	297	6	14
16	551	3	97	611	1289	112	233	7	16
303	1227	63	234	708	1546	142	290	12	26
1273	580	250	119	1492	774	290	155	12	1868
739	311	147	58	1162	770	233	147	13	27
854	433	167	84	1162	749	233	148	13	1931
851	150	174	32	1154	348	238	71	17	7027
790	666	153	131	1001	885	194	172	20	46
1158	1337	225	259	1356	1539	263	297	20	4328
627	1337	122	259	825	1539	160	297	21	4328
175	576	34	108	661	1560	138	300	24	58
406	239	82	48	602	456	124	92	24	59
952	112	201	22	1461	626	300	122	24	60
556	431	103	83	773	1088	146	202	25	65
988	460	192	87	1468	968	290	188	25	68
994	666	193	135	1448	1106	283	222	25	6075
1	148	0	29	168	315	39	68	26	70
228	1201	54	236	668	1534	140	300	26	71
763	1253	160	240	986	1475	208	288	26	73
1005	405	212	78	1179	660	254	130	26	74
703	913	148	191	952	1123	202	237	26	7484
292	559	57	98	463	733	91	133	27	72
549	940	112	185	871	1299	186	265	27	78
981	1	207	0	1202	262	254	54	27	80
1229	657	260	130	1378	829	292	164	27	82
555	426	113	86	839	693	178	147	27	6707
590	545	121	111	839	729	178	153	27	7808
1	1292	0	245	282	1553	58	300	28	84
390	957	80	176	721	1361	147	254	28	86
768	1024	156	200	908	1164	184	228	28	87
113	1	23	0	501	388	102	78	29	97
541	1057	110	208	760	1511	156	298	29	97
1125	637	235	118	1459	926	300	173	29	100
1	926	0	173	175	1130	40	216	30	100
278	1	60	0	465	213	98	41	30	104
811	544	165	101	1348	1587	276	300	30	108
1	1060	0	215	156	1233	34	253	30	4020
291	1143	62	219	465	1333	98	256	30	4037
1	158	0	29	215	397	42	73	31	110
429	205	89	37	903	1085	186	205	31	112
927	69	190	12	1109	248	227	49	31	113
780	317	159	64	877	422	180	87	31	6688
1	826	0	165	219	1070	43	211	31	7004
946	137	194	28	1109	300	227	61	31	7567
191	5	40	1	534	798	107	147	33	122
677	400	135	81	1156	1246	234	240	33	125
1209	287	244	56	1466	544	300	110	33	126
158	1180	30	231	514	1536	99	300	34	127
514	1	99	0	1444	931	300	201	34	128
1	931	0	201	479	1404	100	300	35	128
479	1	100	0	1328	1167	279	237	35	129
43	1	9	0	461	843	101	164	36	132
567	966	127	181	1006	1565	215	300	36	133
348	1333	67	255	573	1558	112	300	37	136
44	155	8	30	301	659	58	125	37	136
573	1	112	0	1506	932	300	188	37	137
348	784	67	153	1086	1516	215	300	37	7669
1091	1	216	0	1506	414	300	84	37	7670
1	932	0	188	553	1484	112	300	38	137
945	98	193	17	1436	904	282	160	38	142
1	414	0	84	553	981	112	199	38	7670
20	655	4	128	253	1239	51	236	39	143
293	1155	59	224	439	1343	89	263	39	144
485	447	98	81	895	1286	182	242	39	146
569	558	116	103	1100	1429	225	269	40	155
35	557	7	102	273	968	57	179	41	158
636	861	131	167	853	1416	174	276	41	159
917	703	189	137	1437	1291	299	259	41	160
732	745	157	138	1106	1122	234	210	42	166
1153	677	243	130	1398	945	290	178	42	167
16	1383	3	256	277	1624	52	300	44	180
826	1058	160	192	1188	1607	239	300	44	182
474	1036	94	200	622	1483	126	289	45	188
881	219	180	41	1308	914	261	166	45	191
1335	463	267	90	1492	620	298	121	45	192
638	914	128	179	1064	1412	218	276	46	198
863	1045	176	217	1006	1239	206	256	46	7464
955	1087	196	212	1140	1436	233	279	47	205
883	770	193	149	1189	1357	258	263	48	219
1082	61	236	10	1400	725	300	137	48	220
264	353	52	65	485	943	95	181	49	223
832	834	164	160	1086	1477	217	280	49	228
1364	475	274	89	1489	606	300	116	49	231
1257	592	257	113	1403	847	287	162	50	233
270	1	55	0	464	399	94	78	50	240
820	566	169	108	992	743	202	142	50	242
1060	1083	217	211	1210	1260	248	244	50	243
872	795	189	152	1041	963	225	188	51	245
573	412	119	79	813	819	167	158	52	250
1217	48	249	9	1475	313	299	61	52	253
444	421	91	79	813	1478	163	267	53	256
1283	801	262	158	1466	955	299	189	53	262
529	1136	110	217	731	1549	153	293	54	268
902	918	188	173	1040	1055	220	205	54	274
685	966	147	182	927	1570	199	299	55	283
1015	924	219	172	1142	1047	247	199	55	285
1185	1104	255	209	1403	1328	300	255	55	286
130	1	29	0	935	1125	202	225	56	287
998	1027	216	196	1369	1557	291	294	56	288
311	1169	60	214	593	1460	116	271	57	291
639	218	125	41	870	801	174	160	57	293
1089	192	217	35	1426	905	284	170	57	295
304	1020	59	208	563	1285	109	259	57	6579
374	1363	78	258	500	1567	104	294	58	296
84	141	18	28	321	508	68	100	58	296
632	1010	132	197	847	1531	177	300	58	297
847	1	177	0	1299	766	267	142	58	298
194	129	40	25	407	345	80	65	59	300
560	85	112	19	1199	1142	246	224	59	302
1264	521	259	108	1456	748	300	154	59	304
417	1317	87	251	627	1544	131	297	60	305
227	428	49	78	344	545	71	100	60	306
1193	515	241	102	1432	814	291	159	60	308
174	1255	39	229	358	1439	75	265	61	310
421	717	89	136	612	992	127	187	61	311
1123	55	233	10	1305	254	271	48	61	315
1301	277	270	50	1446	495	300	92	61	316
1	499	0	93	330	940	65	176	62	316
621	924	126	179	952	1606	190	298	62	318
1084	913	225	169	1259	1240	258	229	62	319
282	1	61	0	770	942	168	184	63	321
805	431	175	83	1154	1012	240	190	63	322
1305	108	270	19	1461	603	300	111	63	324
632	1022	131	194	845	1566	174	300	64	325
222	1	46	0	423	328	88	64	64	325
497	322	105	66	1410	1483	292	282	64	326
1	827	0	156	206	1297	37	243	65	328
277	105	54	20	703	826	144	157	65	329
750	324	153	58	1122	773	232	146	65	330
1180	20	244	4	1323	174	275	36	65	331
72	290	15	55	292	543	59	104	66	333
650	332	134	58	1384	1488	280	273	67	346
97	558	20	111	316	1168	65	225	68	349
846	972	172	188	1034	1160	209	225	68	352
1108	1003	226	187	1457	1457	295	275	68	355
116	888	23	177	381	1401	79	276	69	357
427	1417	88	268	588	1571	122	300	69	358
588	1	122	0	1160	853	244	161	69	359
188	1	39	0	548	771	113	146	70	361
600	1269	123	244	881	1550	179	300	70	361
1047	842	214	157	1344	1138	277	220	70	362
453	1451	93	277	581	1580	116	300	71	366
930	82	187	15	1478	856	300	162	71	368
589	267	126	54	802	726	171	142	72	367
61	43	13	8	252	332	51	61	72	369
842	444	179	82	1330	1067	276	198	72	370
57	221	12	42	298	556	63	106	73	373
338	417	71	78	727	1373	153	263	73	374
773	492	162	95	964	909	203	173	73	375
1106	1131	232	223	1292	1396	272	273	73	377
140	1233	30	242	303	1389	66	275	74	380
426	29	93	5	664	449	142	83	74	383
973	1	201	0	1463	500	297	95	74	384
30	898	6	166	284	1606	58	298	75	385
330	391	67	76	583	1055	120	197	75	386
744	82	156	14	912	309	190	60	75	388
1093	282	229	57	1269	459	267	95	75	391
284	52	58	10	907	644	182	125	76	393
953	201	191	38	1213	677	246	128	76	394
1260	544	255	105	1436	897	291	172	76	395
1247	391	256	71	1464	592	299	110	77	368
1	626	0	127	223	851	43	169	77	396
566	61	120	11	1253	1114	254	216	78	403
1321	366	270	70	1484	523	300	99	78	404
155	777	32	148	502	1433	105	277	78	405
957	679	196	131	1269	971	260	187	78	4284
240	1069	49	204	547	1443	111	275	79	407
727	290	146	59	965	599	198	122	79	409
1152	460	237	90	1467	1069	300	209	79	410
186	565	40	112	735	1514	157	297	80	412
803	229	173	44	1163	800	251	155	80	413
809	824	162	160	1084	1476	218	289	81	416
1	320	0	62	388	1145	83	227	82	418
604	1146	126	214	761	1305	153	241	82	419
804	482	161	95	1038	950	209	180	82	420
1099	1	222	0	1313	207	265	40	82	421
1095	282	221	54	1273	479	257	92	82	426
604	767	126	154	757	931	152	182	82	2279
601	1	126	0	818	207	169	40	83	421
597	282	125	54	1116	834	234	155	83	426
349	805	69	156	562	1236	115	244	84	433
609	23	124	4	1070	1077	223	212	84	434
1117	38	232	7	1301	245	271	47	84	435
452	178	94	33	658	406	132	74	85	439
1188	1074	238	206	1470	1542	298	299	85	440
172	1	35	0	276	471	56	93	86	442
314	1369	64	260	486	1564	98	297	86	442
645	111	131	20	1244	1457	251	276	86	444
782	1	162	0	1105	634	225	113	87	448
689	50	143	9	1103	552	222	100	88	451
1249	133	254	26	1410	321	289	66	88	453
133	75	25	14	554	727	113	141	89	454
526	856	107	175	696	1326	144	266	89	455
900	1372	184	254	1120	1592	225	295	89	456
1183	163	240	32	1467	670	300	138	89	457
1	670	0	138	344	1289	67	255	90	457
390	16	76	3	869	969	176	188	90	458
1222	519	249	98	1466	892	300	167	90	460
579	805	125	159	831	1113	181	220	91	462
742	381	161	76	1284	1301	273	253	91	463
240	762	52	142	704	1567	149	299	92	465
766	154	162	31	1254	1242	263	236	92	466
357	1439	70	273	499	1579	97	300	93	468
474	6	92	1	716	285	140	54	93	469
357	182	70	38	662	475	127	94	93	6673
357	712	70	154	690	1037	133	216	93	7526
357	626	70	129	690	959	133	192	93	7536
74	441	16	77	994	1441	191	263	94	473
749	420	153	81	915	586	188	116	95	243
426	11	85	2	699	232	143	48	95	485
749	972	153	193	915	1138	188	228	95	485
1239	145	257	28	1439	424	298	83	95	488
96	110	21	21	207	221	44	44	96	489
482	852	105	164	674	1073	144	207	96	490
1043	135	218	24	1329	488	277	96	96	492
320	106	64	21	472	297	96	58	97	351
177	10	34	2	767	1041	154	194	97	493
975	55	208	10	1364	459	300	105	98	501
979	1197	209	236	1262	1468	276	300	98	3771
580	380	134	68	827	662	185	124	99	503
813	116	182	21	1234	930	265	179	99	504
1	508	0	102	479	1471	101	296	100	505
1114	973	239	202	1408	1268	300	263	100	507
858	111	183	21	1067	320	230	68	100	507
1	1268	0	263	186	1453	37	300	101	507
1191	557	236	107	1491	1072	298	210	101	511
192	445	40	85	848	1250	172	240	102	512
1158	73	236	13	1460	518	299	103	102	514
1	1061	0	208	317	1529	64	300	103	514
1	1333	0	250	110	1442	22	272	104	518
1	45	0	9	411	626	87	122	104	519
600	611	128	122	1333	1460	282	292	104	520
267	711	57	151	485	929	101	195	105	524
996	625	207	120	1257	896	252	167	105	528
301	142	65	24	628	822	131	156	106	532
1080	366	219	64	1502	1050	300	193	106	536
1	1050	0	193	311	1613	60	294	107	536
357	1369	69	258	567	1579	109	298	107	537
790	1090	156	210	951	1290	189	249	107	538
985	869	196	169	1192	1053	241	208	107	542
1304	1187	265	231	1413	1296	289	255	107	545
592	141	119	29	758	536	153	103	108	558
1221	118	244	22	1464	440	296	86	108	563
118	521	26	104	414	1154	82	228	109	565
474	496	95	95	948	1184	196	234	109	567
150	136	28	30	302	289	61	63	110	573
757	1261	155	249	966	1504	198	297	110	577
1	340	0	68	595	1564	118	300	111	580
787	842	158	152	1157	1393	233	258	111	581
1301	1142	261	229	1410	1250	285	253	111	583
1	777	0	145	261	1256	55	239	112	584
704	636	143	122	972	1575	200	300	112	586
329	1018	68	194	734	1559	151	300	113	589
921	1134	190	220	1097	1320	225	256	113	592
693	1	145	0	1051	359	216	71	114	583
1218	433	253	82	1426	668	297	130	114	596
1223	19	254	3	1370	152	286	31	114	758
30	184	6	34	300	565	68	113	115	598
450	34	99	7	789	485	169	96	115	599
452	406	98	79	713	761	146	141	116	604
1126	914	231	173	1354	1189	276	228	116	605
1	1039	0	188	225	1273	48	235	117	608
277	298	58	55	415	448	84	82	117	609
1137	1351	235	264	1340	1554	271	300	117	610
786	719	160	144	1090	886	226	179	117	610
61	31	12	5	247	226	53	46	118	622
293	911	62	168	442	1074	89	197	118	622
599	600	119	112	1213	1613	235	294	118	626
4	1206	1	221	136	1339	24	244	119	613
523	533	100	99	667	678	122	121	119	617
729	1397	136	261	907	1575	175	300	119	618
477	1025	93	196	679	1227	132	235	120	631
1026	1372	207	253	1234	1580	254	300	120	633
1234	1	254	0	1377	160	284	30	120	634
843	708	172	144	1088	1031	219	203	121	638
44	1234	8	241	166	1359	33	266	122	642
890	1186	179	223	1027	1323	207	251	122	646
328	238	65	42	843	656	170	125	122	646
435	13	87	3	580	172	118	35	122	647
1094	627	222	123	1463	1296	298	252	122	647
402	629	86	123	784	1199	154	221	123	650
133	54	27	9	447	273	89	52	124	654
728	797	150	154	923	1279	188	243	124	657
1088	1251	222	246	1220	1383	244	268	124	658
135	89	28	17	515	1149	103	217	125	661
674	1004	135	183	894	1507	183	283	125	662
77	947	16	176	250	1455	53	267	126	666
571	1440	116	270	707	1581	142	297	126	668
933	513	186	96	1410	1563	282	300	126	671
418	1095	88	223	593	1396	123	279	127	673
1241	829	261	156	1435	1127	300	214	127	679
20	1456	4	266	182	1621	37	300	129	686
182	1	37	0	852	1186	173	223	129	687
848	82	172	14	1495	1187	300	221	129	688
1	1349	0	249	136	1484	24	273	130	688
330	398	64	79	577	699	116	135	130	689
1233	242	252	45	1425	469	292	89	130	694
1	127	0	25	136	262	24	49	130	7414
827	448	169	84	1006	719	206	134	131	5
1147	1005	234	191	1275	1136	260	217	131	7
1	1115	0	226	230	1353	39	267	132	10
277	855	48	163	567	1302	99	243	132	11
1116	312	212	55	1461	1188	283	228	132	18
573	923	115	177	793	1208	161	233	133	21
1182	473	237	89	1467	1054	299	202	133	56
573	710	115	143	715	859	144	172	133	6507
378	715	74	140	697	1537	133	288	134	29
980	1	194	0	1526	532	300	103	134	37
151	825	32	155	289	952	61	181	135	39
602	891	120	173	837	1575	166	300	135	41
1281	1194	257	225	1403	1327	281	251	135	44
252	929	50	180	408	1087	83	214	136	46
466	1349	96	259	619	1559	125	297	136	47
752	569	151	106	991	1236	196	231	136	50
252	1383	50	267	408	1531	83	298	136	4592
774	1209	159	230	1037	1551	211	299	137	63
1073	1284	218	269	1221	1425	250	300	137	64
442	1080	94	209	731	1382	151	269	137	126
1091	572	221	111	1252	717	258	142	137	199
1	1375	0	262	157	1520	33	293	138	66
674	546	136	102	968	912	197	174	138	69
1015	369	206	69	1143	498	232	95	138	73
1223	346	250	65	1464	591	300	116	138	75
1015	234	206	50	1172	834	240	175	138	6058
1	591	0	116	165	768	38	155	139	75
208	948	46	177	504	1251	108	240	139	76
697	703	145	140	1118	1181	238	243	139	80
818	843	169	172	1105	1163	236	242	139	7442
392	623	75	120	866	1369	166	258	140	89
1011	90	194	17	1298	407	257	80	140	91
1330	209	263	39	1471	345	293	68	140	92
1016	673	195	138	1290	932	255	193	140	6431
204	1	37	0	583	812	109	145	141	93
1178	88	221	17	1456	711	278	137	141	95
1311	1390	263	266	1473	1560	294	297	142	111
141	257	29	47	725	1532	145	283	143	114
772	49	154	9	1022	321	202	59	143	115
1315	1	258	0	1473	307	287	55	143	117
401	473	79	87	636	1161	126	211	144	121
831	49	166	10	1100	613	222	119	144	123
1215	1016	245	186	1380	1188	277	219	144	124
1215	796	245	151	1371	951	274	180	144	5827
60	1	12	0	1047	820	216	167	145	127
1245	1248	255	235	1376	1386	282	263	145	131
589	861	122	163	870	1265	179	241	146	136
899	1236	185	233	1152	1574	235	296	146	141
166	139	34	28	345	360	69	70	147	145
1378	655	269	127	1533	1213	300	232	147	156
623	1	124	0	764	189	154	37	148	156
16	700	3	135	256	1092	52	213	149	161
536	281	108	54	1125	1634	223	299	149	165
1385	1256	275	238	1508	1390	300	264	149	167
464	399	93	74	802	1210	165	236	150	170
829	1217	171	229	1012	1444	208	273	150	172
1051	95	216	20	1401	993	284	193	150	173
66	590	14	104	474	1413	96	257	151	174
662	1245	133	233	847	1443	172	273	151	175
1	646	0	119	222	1241	43	233	152	179
351	1101	69	203	655	1420	129	266	152	181
702	137	138	25	864	566	171	109	152	183
931	1394	186	269	1083	1547	217	300	152	184
1130	150	226	30	1510	825	300	153	152	185
198	1213	40	224	399	1594	78	299	153	186
755	193	145	36	967	440	185	80	153	191
1254	206	242	39	1417	362	273	68	153	194
1254	1040	242	211	1410	1192	271	238	153	4614
42	794	8	147	321	1412	58	263	154	196
616	1255	113	236	786	1426	143	266	154	197
1	824	0	157	312	1404	61	267	155	207
469	972	90	172	845	1614	163	289	155	208
1370	655	270	123	1536	1009	300	184	155	215
448	494	90	90	727	975	148	181	156	214
1	1009	0	184	314	1580	64	300	156	215
1178	323	231	63	1409	582	276	112	156	217
774	591	157	115	968	1115	193	208	156	226
195	665	39	130	556	1321	112	244	157	218
599	1307	120	242	791	1562	155	287	157	221
1045	565	209	113	1195	750	239	148	157	224
1242	195	248	35	1445	796	288	151	157	225
1	582	0	110	245	1206	52	229	158	229
394	607	83	114	698	1546	140	289	158	230
814	203	163	38	1095	754	216	139	158	232
1402	453	276	83	1535	579	300	106	158	238
1142	816	225	149	1367	1055	269	194	158	239
343	1118	74	208	817	1611	163	300	159	240
1077	238	214	45	1395	812	282	157	159	244
61	845	13	150	485	1282	88	227	160	236
605	849	114	159	740	984	141	186	160	247
787	802	150	151	1279	1569	243	294	160	248
1334	572	254	111	1517	966	293	186	160	250
54	420	12	79	375	713	66	130	160	495
70	1092	15	215	266	1284	48	249	160	2720
141	1271	28	244	318	1444	65	279	161	250
258	784	52	150	490	1103	100	213	161	252
851	1087	174	207	1088	1365	217	257	161	255
93	18	20	3	384	694	81	133	162	259
616	112	125	20	1171	890	232	167	162	263
454	470	90	95	806	799	162	160	163	267
474	1	94	0	1012	987	205	189	163	268
1198	335	240	66	1332	474	266	92	163	273
256	69	53	13	477	299	93	55	164	274
608	516	121	103	1121	1457	227	280	164	276
1265	370	256	69	1449	554	292	105	164	279
8	892	1	166	230	1458	46	274	165	279
125	115	24	20	509	900	103	166	165	280
556	945	112	179	761	1208	153	229	165	281
808	52	162	12	1348	873	268	172	165	282
1	106	0	20	303	617	61	118	166	283
350	1261	70	236	554	1451	112	274	166	283
957	20	192	4	1480	860	300	164	166	286
659	226	126	45	961	532	189	108	167	292
931	983	183	197	1137	1422	225	285	167	292
1	879	0	165	140	1036	29	196	168	295
174	119	36	22	409	767	85	149	168	297
456	992	94	186	675	1397	137	259	168	299
723	557	146	105	1055	1305	210	244	168	300
64	1296	13	255	264	1542	50	300	169	302
264	1	50	0	363	100	72	22	169	303
850	1011	175	188	1161	1423	239	272	169	306
1208	728	248	139	1395	910	285	175	169	307
8	1099	1	211	226	1565	44	299	170	307
397	14	79	3	651	480	131	95	170	309
1355	1240	270	228	1469	1354	294	252	170	314
64	867	12	156	390	1188	77	215	171	315
767	974	153	181	1053	1447	204	265	171	324
1104	304	214	57	1513	1033	300	200	171	327
1	1033	0	200	105	1150	21	222	172	327
620	1167	124	213	812	1359	164	253	172	332
859	279	173	51	1428	1335	295	266	172	335
13	1219	3	230	180	1603	36	300	173	336
481	892	98	174	646	1242	132	239	173	338
693	88	141	19	958	361	191	69	173	339
965	265	192	51	1130	633	228	121	173	342
1317	95	266	15	1447	225	292	41	173	346
1	862	0	162	178	1376	37	263	174	345
225	674	46	135	653	1430	132	280	174	347
688	123	139	19	888	336	180	61	174	348
1337	868	267	164	1503	1034	300	197	174	351
158	569	33	104	416	1556	85	293	175	353
788	865	156	165	1168	1213	234	238	176	372
376	543	72	109	537	736	105	147	177	378
719	627	142	121	962	1074	194	213	177	380
1161	725	234	143	1496	1128	298	218	177	382
194	103	38	19	534	700	112	140	178	389
582	1186	121	232	812	1529	168	298	178	389
1052	714	219	137	1423	1314	300	261	178	390
817	17	170	2	1005	202	210	40	178	390
1	1314	0	261	173	1493	37	299	179	390
454	1229	93	236	661	1557	133	296	179	394
709	366	142	67	865	522	175	100	179	395
1045	72	211	13	1198	257	244	50	179	399
59	213	11	39	299	671	61	127	180	405
957	605	197	115	1172	1000	242	191	180	411
315	898	62	175	467	1051	92	205	181	417
67	71	13	16	336	326	66	65	181	417
917	1012	185	191	1229	1344	249	258	181	421
48	199	9	40	547	1302	110	254	182	423
633	866	130	160	868	1429	178	263	182	424
915	260	187	49	1146	568	233	107	182	425
320	1419	63	273	443	1542	90	300	183	428
527	1037	107	191	925	1608	186	300	183	429
1329	1251	268	248	1493	1425	298	280	183	431
151	416	27	80	320	589	61	115	184	433
89	528	17	99	599	1531	121	294	185	437
646	338	130	60	984	801	205	155	185	440
1016	117	211	21	1241	356	257	67	185	441
1284	257	265	52	1453	715	300	138	185	442
84	217	17	37	453	1040	82	180	186	443
521	336	97	62	685	698	130	129	186	445
883	270	169	52	1056	453	204	88	186	447
1103	975	213	173	1365	1321	265	239	186	448
1336	332	260	67	1464	460	283	90	186	449
77	235	16	46	381	527	68	96	186	557
110	1	22	0	314	201	55	33	186	1288
61	499	12	98	179	619	37	123	187	450
578	1066	116	203	730	1495	146	284	187	452
777	713	155	138	965	1215	195	235	187	454
734	153	147	29	1145	508	231	93	187	456
1332	289	267	54	1476	446	295	83	187	460
164	530	33	104	369	823	76	163	188	462
351	38	72	7	507	194	106	40	188	463
895	826	192	161	1149	1080	249	217	188	469
146	338	29	66	369	593	76	118	188	520
895	160	192	34	1144	392	247	85	188	6460
1	343	0	65	525	1238	104	234	189	472
698	905	141	172	889	1118	179	212	189	474
917	209	184	42	1051	340	209	67	189	5434
487	476	98	93	810	1188	162	233	190	482
857	609	171	111	1302	1156	261	217	190	484
503	1	99	0	890	586	173	116	191	490
1191	601	231	119	1520	1260	296	246	191	492
616	845	125	150	902	1159	175	203	192	236
25	997	5	184	354	1426	72	273	192	493
563	364	114	67	902	713	175	130	192	495
958	389	187	80	1119	531	217	106	192	498
578	1412	118	276	701	1534	141	299	193	503
390	648	78	121	711	1019	144	194	193	503
898	1	182	0	1220	786	247	154	193	505
1254	734	254	138	1451	924	296	178	193	506
20	356	4	75	450	939	95	196	194	507
497	1086	104	207	678	1565	142	300	194	508
879	356	183	69	1464	1199	300	226	194	510
1	1199	0	226	170	1585	33	297	195	510
219	76	44	15	404	452	82	88	195	511
851	1029	173	195	1056	1521	213	286	195	517
8	918	2	186	245	1220	50	245	196	522
397	847	82	163	592	1060	116	200	196	523
797	817	157	154	1235	1515	241	280	196	531
293	1317	59	243	750	1593	148	293	196	550
1	920	0	171	463	1575	95	299	197	533
849	726	173	140	1269	1145	255	221	197	535
1323	13	266	2	1462	152	294	30	197	537
663	615	138	115	802	761	164	141	197	551
849	196	173	38	1267	709	254	135	197	5715
16	773	3	144	519	1335	103	252	198	537
661	167	133	32	936	505	183	92	198	543
909	10	178	2	1519	1037	300	202	198	545
1	1037	0	202	215	1464	44	288	199	545
599	124	125	22	1239	1630	251	300	199	552
1246	13	253	2	1477	631	300	121	199	553
1	631	0	121	469	1510	95	292	200	553
452	145	90	29	611	438	124	85	200	554
874	42	178	7	1080	261	223	52	200	556
808	702	165	129	1348	1622	278	300	200	557
79	522	18	99	300	942	64	178	201	559
1022	907	214	180	1325	1378	273	267	201	568
55	380	11	71	328	1126	65	211	202	569
360	765	71	156	633	1285	127	260	202	570
790	640	158	128	957	1100	193	225	202	576
1008	80	203	16	1248	448	258	92	202	577
238	241	48	44	673	1509	135	290	203	584
946	322	192	60	1159	541	236	105	203	586
946	1002	192	208	1129	1199	229	248	203	5098
310	933	66	185	414	1035	89	207	204	588
1	226	0	43	259	519	56	103	204	588
710	71	152	11	1343	1134	279	222	204	591
54	1011	11	194	163	1120	34	217	205	590
210	191	43	36	538	513	108	100	205	592
1202	131	243	24	1437	327	287	59	205	597
890	1228	177	239	1034	1355	208	268	205	4120
909	1273	181	242	1034	1399	208	269	205	7966
1030	257	198	45	1477	1070	285	199	206	611
1	97	0	21	472	579	89	112	207	612
787	1050	152	194	924	1193	179	222	207	616
982	60	192	8	1148	264	228	50	207	617
759	350	152	65	1173	1466	245	284	208	615
153	399	30	78	397	631	78	124	208	619
437	1319	86	246	683	1582	137	300	208	624
207	394	41	73	399	589	78	109	209	625
426	1189	84	218	753	1608	148	297	209	627
891	55	176	10	1365	623	269	123	209	631
1	654	0	122	267	957	54	181	210	632
388	1137	77	213	577	1533	115	288	210	635
1215	358	235	74	1419	593	279	122	210	641
282	882	57	173	483	1111	102	222	211	644
667	1076	137	207	882	1448	183	279	211	645
1076	414	223	77	1249	843	256	162	211	648
1296	96	265	18	1477	275	299	51	211	649
287	488	58	104	459	660	97	143	211	7252
10	619	1	117	185	833	38	161	212	649
213	162	43	31	674	1483	135	281	212	652
811	718	161	133	991	894	196	167	212	653
1042	950	206	174	1330	1331	263	245	212	654
53	1142	10	206	344	1620	71	300	213	655
1190	432	242	81	1509	1125	300	204	213	660
195	292	39	55	371	467	77	93	214	661
785	686	155	124	1081	1092	215	201	214	665
274	213	55	39	440	788	86	144	215	669
837	985	164	186	1037	1446	204	274	215	670
1189	900	235	183	1370	1281	274	255	215	672
428	54	84	10	701	596	141	112	216	679
85	1090	18	213	310	1500	62	289	217	684
372	715	75	139	530	1322	111	255	217	685
920	65	183	13	1256	435	251	86	217	689
1228	153	246	29	1492	1094	299	202	217	690
1	1094	0	202	178	1399	35	257	218	690
225	933	44	179	534	1527	104	287	218	691
593	1037	117	196	884	1324	174	251	218	693
479	194	98	37	698	766	147	144	219	708
745	655	156	135	1011	958	207	190	219	709
1149	1	233	0	1364	481	275	86	219	710
304	675	58	122	523	1210	102	220	220	713
877	257	164	51	1195	589	225	115	220	719
312	602	64	121	493	775	102	156	221	724
603	1	123	0	737	197	150	35	221	725
784	786	159	139	1132	1209	224	217	221	725
1165	249	231	48	1509	968	300	187	221	726
1165	644	231	120	1348	849	267	161	221	1068
1165	32	231	6	1320	185	261	36	221	3049
555	891	114	172	728	1116	149	213	221	7964
616	864	121	174	1031	1535	205	300	222	733
1183	581	237	105	1487	1032	300	192	222	735
621	217	122	42	881	531	174	103	222	4220
99	189	21	37	230	335	47	64	223	736
277	1091	56	207	419	1409	87	269	223	736
987	703	202	147	1146	854	234	176	223	4519
482	32	106	5	636	225	137	43	224	751
849	1	177	0	1498	648	300	123	225	770
811	167	170	33	1498	850	300	163	225	6311
1	648	0	123	254	901	51	174	226	770
487	311	98	62	637	460	124	88	226	773
849	972	170	185	1111	1283	218	243	226	775
1	850	0	163	254	1103	51	214	226	6311
349	1106	79	212	649	1456	139	281	228	790
964	1190	211	224	1207	1605	258	300	228	791
323	651	74	121	480	838	108	157	229	793
740	407	165	79	1265	1261	269	238	229	796
1263	557	260	104	1466	762	299	142	230	803
30	66	6	11	222	298	46	55	231	805
292	1021	63	197	473	1208	95	229	231	805
119	185	25	33	732	1477	147	270	232	817
785	771	157	135	1124	1684	222	300	232	818
1	784	0	143	465	1552	100	300	233	820
1264	1	264	0	1470	214	300	35	233	825
1	214	0	35	176	389	30	65	234	825
241	959	44	162	465	1520	87	261	234	825
363	393	68	76	634	727	123	138	234	826
969	939	190	169	1210	1230	237	224	234	827
326	1080	67	198	547	1409	113	261	235	830
683	675	140	128	959	1356	195	255	235	832
1218	1097	248	201	1486	1550	296	283	235	835
1347	36	273	6	1503	192	300	33	235	836
194	996	41	184	593	1629	114	297	236	836
449	368	88	71	1073	1399	206	257	236	837
556	635	122	115	764	1056	166	197	237	843
810	299	175	58	1246	787	267	152	237	845
203	77	40	14	371	274	72	49	239	858
525	13	102	3	921	700	185	134	239	859
1266	737	252	141	1487	1407	296	266	239	917
322	1161	65	216	505	1500	101	282	240	920
890	483	179	97	1418	1154	286	221	240	922
619	557	131	107	810	812	173	159	241	930
975	169	208	32	1424	1509	300	282	241	932
1	197	0	40	128	356	29	71	242	933
1153	538	236	107	1470	1318	299	253	242	949
175	339	38	62	372	541	75	99	242	7970
84	1287	16	241	391	1600	73	300	243	950
465	1034	90	206	770	1322	149	260	243	952
956	1	184	0	1462	567	284	111	243	953
1338	646	261	128	1529	842	298	165	243	5651
465	954	90	189	721	1226	138	240	243	5869
20	156	4	33	184	338	37	68	244	961
641	1	128	0	1399	1150	295	239	244	964
569	900	113	175	885	1132	184	226	244	4191
231	76	46	14	482	280	95	54	244	7969
181	1197	37	234	588	1560	120	300	245	966
300	906	62	176	786	1314	161	258	245	967
845	19	174	4	1495	964	300	178	245	968
85	1455	20	269	242	1612	51	300	246	968
242	1	51	0	407	166	80	29	246	969
615	160	123	36	900	835	184	169	246	970
1013	92	210	21	1369	963	290	200	246	971
13	555	3	98	558	1397	122	266	247	972
478	62	105	10	615	207	134	39	247	973
930	1	200	0	1284	409	266	74	247	980
855	801	186	159	1284	1180	266	230	247	1666
110	303	24	56	455	940	94	175	248	982
701	368	147	69	859	529	180	102	248	989
1048	121	217	23	1252	337	260	67	248	991
1142	718	248	142	1378	1023	300	205	249	1004
1	89	0	19	643	798	137	159	249	7971
1	1023	0	205	398	1432	87	292	250	1004
763	799	164	158	975	1027	210	203	250	7973
469	1215	103	240	688	1434	148	283	251	1027
823	690	175	137	1318	1322	280	265	251	1028
793	278	165	56	979	503	206	101	252	1001
1019	502	214	95	1244	720	258	138	252	1007
793	42	165	8	955	204	199	42	252	6123
166	971	34	189	462	1281	96	251	253	1007
509	132	105	26	696	327	142	64	253	1008
743	117	151	20	1043	437	212	81	253	1010
1090	491	221	98	1399	830	287	169	253	1011
532	293	110	60	709	472	144	92	253	1403
141	172	28	34	947	1392	201	280	254	1013
994	655	210	122	1121	784	237	149	254	1014
1168	1205	246	227	1442	1479	300	281	254	1017
747	129	159	23	929	295	196	58	254	1688
268	988	56	194	796	1510	164	300	255	1020
796	1	164	0	1187	421	247	89	255	1021
1229	1075	255	217	1447	1293	300	262	255	1021
462	156	95	31	1163	919	241	190	255	7979
1	1293	0	262	187	1478	38	300	256	1021
270	1346	56	260	470	1545	96	300	256	1024
638	833	131	160	828	1253	172	236	256	1033
110	1	22	0	634	651	131	125	257	1039
322	873	65	169	784	1481	163	293	257	1039
824	559	171	101	1074	989	221	185	257	1040
1253	283	256	55	1400	540	284	102	257	1042
426	1149	83	222	635	1353	123	258	258	1043
907	246	179	50	1049	401	208	81	258	1046
335	416	67	81	487	585	99	116	259	994
53	418	10	82	306	851	61	164	259	1033
923	1097	192	203	1369	1545	283	294	259	1048
218	1209	42	232	391	1510	79	292	260	1050
625	1264	124	247	769	1401	152	272	260	1051
949	238	188	48	1182	589	235	116	260	1054
95	537	20	107	303	741	65	149	261	1056
946	48	203	8	1392	876	300	175	261	1063
1	876	0	175	203	1278	42	254	262	1063
528	1346	116	265	689	1502	151	300	262	1065
801	554	174	111	1126	1191	249	242	262	1066
1188	1093	263	218	1323	1244	291	248	262	1067
446	448	92	83	723	785	148	145	263	1070
770	1275	157	235	1008	1516	205	283	263	1070
449	732	93	142	598	884	122	171	263	2673
1083	847	228	170	1382	1425	290	281	264	1081
345	497	75	96	646	826	139	165	265	1079
1	206	0	38	863	1061	186	209	265	1082
1	782	0	157	259	1072	59	218	266	1084
306	935	68	173	923	1556	192	298	266	1085
923	1	192	0	1425	492	300	106	266	1086
1	492	0	106	925	1427	192	300	267	1086
925	1	192	0	1170	270	246	55	267	1087
1217	120	255	25	1424	653	300	135	267	1088
48	139	9	27	377	374	76	71	267	6272
616	610	129	116	861	872	179	167	268	1092
1	134	0	25	152	311	29	58	269	1096
1	359	0	73	141	498	27	99	269	7202
199	745	38	155	864	1453	183	297	269	7985
235	609	45	113	802	1348	167	264	270	1097
1302	556	269	104	1468	735	300	138	270	1108
540	1473	114	274	678	1611	140	300	271	1107
404	1052	82	195	839	1498	173	281	271	1108
185	695	36	132	357	866	73	168	271	2734
540	1433	114	276	665	1558	138	300	271	3891
1174	353	243	73	1457	636	300	130	271	6941
1174	629	243	123	1457	913	300	180	271	7986
79	230	16	44	357	522	73	102	271	7986
1232	732	242	144	1455	1046	292	204	272	1110
1	636	0	130	891	1523	170	300	272	6941
891	1	170	0	1075	205	209	41	272	6942
1	913	0	180	638	1547	121	300	272	7986
638	1	121	0	1071	435	208	87	272	7987
1070	329	227	66	1265	585	267	116	273	1118
617	1342	127	261	735	1477	153	289	274	1120
148	313	31	61	376	842	78	164	274	1120
906	267	192	53	1099	460	230	91	274	1123
1	115	0	24	411	828	84	163	275	1125
960	1331	192	257	1295	1543	262	300	275	1129
1295	1	262	0	1467	243	300	47	275	1130
543	1	116	0	878	341	181	66	276	1132
1053	842	218	159	1209	1098	252	213	276	1133
410	610	90	113	931	1496	197	286	277	1138
757	30	164	7	1062	388	224	73	277	1139
1089	1216	230	226	1316	1563	279	300	277	1139
1	102	0	22	752	836	154	173	278	1140
740	1193	151	233	1090	1517	223	300	278	1142
1090	1	223	0	1440	934	299	184	278	1143
44	982	8	193	282	1249	54	243	279	1143
933	601	190	118	1129	818	230	159	279	1149
1102	292	224	57	1380	872	283	171	279	1150
62	594	14	115	254	981	51	191	280	1153
362	1138	71	219	662	1514	132	289	280	1154
1	769	0	144	326	1206	65	227	281	1160
369	398	73	76	774	803	153	156	281	1161
982	966	197	189	1188	1181	239	231	281	1162
1214	328	245	60	1474	910	295	166	281	1163
288	650	58	128	590	1420	122	278	282	1165
395	1	79	0	558	203	111	37	283	1175
605	1106	120	213	815	1476	160	284	283	1175
878	752	174	143	1051	933	211	180	283	1176
61	218	12	39	245	394	52	76	284	1182
896	465	193	93	1249	822	266	166	284	1186
274	1146	51	222	500	1421	97	276	285	1189
1015	290	203	57	1164	486	234	95	285	1193
932	840	188	163	1072	1406	216	272	286	1198
70	1259	14	241	332	1521	67	294	287	1201
952	752	202	145	1165	960	246	187	287	1205
1269	542	267	100	1435	698	300	131	287	1206
98	1083	20	210	224	1209	45	235	288	1206
407	1392	85	278	522	1507	107	300	288	1207
522	1	107	0	921	485	189	94	288	1208
949	202	194	41	1244	570	254	112	288	1209
1308	1058	268	208	1448	1221	299	242	288	1209
253	1008	50	200	375	1119	74	222	289	1131
44	1330	8	262	216	1509	42	296	289	1209
243	102	48	19	416	288	82	55	289	1210
575	737	118	143	774	936	159	184	289	1211
831	477	171	93	1031	1038	214	202	289	1212
18	539	4	103	220	752	45	145	290	1213
248	1165	50	218	509	1474	106	279	290	1215
766	1202	160	231	970	1402	203	273	290	1217
1202	1017	255	204	1423	1279	299	254	290	1221
248	421	50	83	466	619	97	124	290	2403
43	1379	8	273	160	1496	33	298	291	1221
947	689	197	129	1472	1230	300	236	291	1222
950	554	198	111	1466	1019	299	202	291	1223
348	587	74	122	884	1257	182	259	291	7975
1	1230	0	236	349	1585	63	300	292	1222
349	1	63	0	1538	1319	298	261	292	1223
90	1	18	0	476	389	94	77	293	1224
807	668	163	135	1030	1102	209	221	293	1230
1077	97	218	19	1277	709	260	137	293	1231
518	1217	116	233	693	1529	153	293	294	1178
657	360	145	74	1107	1540	240	300	294	1179
214	184	48	34	511	514	115	104	294	1238
151	1352	32	262	347	1539	72	297	295	1181
387	989	80	202	601	1265	126	254	295	1238
630	715	132	130	844	1231	178	230	295	1240
884	803	186	144	1329	1585	279	290	295	1242
45	937	9	179	489	1538	97	300	296	1243
711	242	144	46	1093	560	223	112	296	1246
155	721	34	136	952	1516	199	300	297	1248
1276	1033	269	200	1429	1483	300	285	297	1249
952	1	199	0	1242	507	262	99	297	1249
266	977	52	186	758	1528	155	297	298	1250
74	1	15	0	232	202	45	36	298	1250
434	116	86	21	719	319	146	63	298	1251
1	1122	0	225	356	1484	73	300	299	6451
356	1	73	0	1495	1121	299	221	299	6452
1	511	0	101	1084	1481	219	300	299	7976
1084	1	219	0	1495	487	299	96	299	7977
89	643	19	126	509	1123	112	226	300	1258
556	751	121	141	705	900	149	169	300	1261
752	1244	158	231	1004	1572	214	296	300	1263
1	136	0	29	314	771	60	150	302	1272
436	1	87	0	683	248	138	51	302	1273
868	376	176	78	1380	715	276	141	302	1274
19	1	4	0	362	534	78	106	303	1275
894	807	190	153	1015	1008	217	195	303	1277
1	978	0	185	156	1133	35	220	304	1279
204	225	46	41	582	795	122	152	304	1280
1089	1269	225	237	1356	1558	279	293	304	1284
775	268	163	48	1056	588	219	107	304	1284
201	581	42	110	590	994	119	190	305	1288
791	851	161	164	1488	1541	299	300	305	1290
791	298	161	64	1288	855	260	177	305	6660
1289	34	275	7	1426	193	300	37	306	1296
362	247	80	46	891	773	191	155	306	4328
336	69	75	14	820	553	174	113	306	7008
343	745	76	146	820	1221	174	243	306	7977
1	193	0	37	335	597	70	115	307	1296
375	26	78	4	1040	1374	216	265	307	1297
1280	256	266	47	1447	423	300	81	307	1299
224	1	49	0	481	303	101	58	308	1300
1042	656	220	118	1279	913	267	167	308	1305
205	1330	44	266	371	1495	78	300	308	7313
205	13	44	2	466	280	97	57	308	7322
53	458	11	83	384	776	77	146	309	1306
731	277	148	52	890	435	179	83	309	1308
173	418	34	83	314	553	61	109	310	1322
184	194	36	36	405	454	80	87	311	1330
571	221	116	41	708	351	144	68	311	1331
775	168	159	30	1221	742	256	148	311	1333
1010	988	209	198	1151	1441	241	299	311	5682
1	140	0	28	490	786	103	146	312	1336
1124	595	237	111	1384	1320	293	252	312	1339
211	1	41	0	359	149	76	35	313	1303
737	486	155	90	1262	1535	257	283	313	1343
1296	896	270	176	1448	1042	300	205	314	1314
13	574	3	108	608	1554	123	296	314	1337
551	1051	118	199	865	1536	184	296	315	1317
899	208	191	39	1394	822	288	159	315	1318
223	610	48	118	412	953	91	184	316	1344
452	775	99	148	1062	1541	229	297	316	1345
969	87	208	16	1440	778	300	146	316	1346
1292	30	275	5	1440	175	300	30	316	1909
1287	1435	274	268	1440	1591	300	295	316	4276
1	778	0	146	183	1019	34	189	317	1346
48	1425	9	273	178	1555	36	300	318	1352
16	80	3	16	849	1294	171	250	319	1360
1059	563	212	118	1273	1029	257	205	319	1362
267	11	56	2	1146	1387	244	277	320	1366
403	992	85	193	608	1307	132	256	320	1368
1	379	0	74	492	914	110	188	321	1370
731	476	163	89	1395	1440	300	281	321	1373
1274	327	262	61	1440	497	294	93	322	700
56	334	12	60	435	825	94	161	322	1375
759	172	159	35	1041	650	215	121	322	1377
257	1122	51	210	450	1352	89	252	323	703
780	818	156	152	960	1000	192	188	323	705
1086	642	216	122	1508	882	299	168	323	706
71	1168	13	220	211	1321	45	254	324	707
365	1223	75	239	550	1416	109	273	324	709
954	1105	188	207	1149	1287	224	241	324	714
1348	821	263	153	1519	1215	296	229	324	715
68	716	14	136	256	1052	58	200	325	716
304	266	67	49	474	546	98	98	325	717
603	451	126	84	1515	1492	300	276	325	718
98	241	20	45	510	765	99	146	326	720
914	1104	177	204	1113	1324	216	246	326	722
914	1273	177	242	1113	1468	216	280	326	1147
1	835	0	167	310	1182	63	235	327	724
435	1348	87	256	631	1553	130	300	327	726
442	1066	88	220	637	1288	131	268	327	7082
418	1234	83	230	742	1554	137	280	328	734
1134	1199	214	228	1324	1562	254	300	328	736
546	904	111	172	843	1367	167	256	329	742
892	262	178	49	1064	489	209	88	329	746
1111	1149	218	209	1243	1280	245	236	329	746
69	489	13	91	480	1396	94	264	330	749
527	602	103	116	960	1322	188	250	330	750
1000	934	196	178	1283	1501	252	285	330	751
766	1148	150	221	960	1364	188	262	330	1149
111	606	23	119	344	869	77	179	331	755
984	872	201	163	1146	1027	235	193	331	760
1186	695	243	140	1310	895	270	182	331	5412
25	882	5	176	207	1100	44	218	332	764
336	1385	69	257	498	1631	101	300	332	765
498	1	101	0	698	616	141	116	332	766
1073	1307	213	246	1279	1498	254	282	332	768
1313	445	261	82	1495	583	300	110	332	771
114	8	24	1	543	368	106	66	333	772
718	1124	141	209	875	1325	173	249	333	773
1157	1278	226	250	1304	1425	254	277	333	777
1344	978	262	180	1522	1495	296	272	333	778
283	271	57	53	605	872	118	162	334	785
640	841	125	160	936	1264	188	241	334	786
1353	1	269	0	1502	186	300	36	334	790
1	186	0	36	345	752	70	143	335	790
392	328	79	61	583	524	117	99	335	791
739	80	148	16	1177	495	233	92	335	793
268	1	54	0	558	583	111	109	336	798
1	826	0	156	384	1605	76	300	337	801
538	810	106	152	736	1013	145	191	337	803
784	197	154	36	1506	1427	298	273	337	804
488	997	95	190	665	1285	130	243	338	806
905	154	178	28	1070	325	213	63	338	812
1066	139	210	25	1359	675	270	124	339	820
1	1453	0	269	177	1630	28	297	340	823
345	211	62	36	801	775	153	138	340	827
69	895	14	177	275	1398	58	275	341	833
406	266	84	53	682	947	139	187	341	834
326	1084	68	206	552	1255	114	239	341	7967
143	88	25	15	409	354	80	70	342	839
1075	1179	209	229	1213	1426	238	273	342	841
1180	195	232	36	1508	1257	298	240	342	842
647	1082	127	210	894	1568	174	298	343	845
245	98	49	19	665	729	130	139	343	845
941	346	183	66	1288	1119	254	214	343	846
1347	648	266	131	1482	796	291	159	343	847
284	125	58	23	1299	1367	262	261	344	849
1	988	0	195	253	1341	53	264	345	850
476	695	96	127	889	1365	177	256	345	853
1073	1455	212	274	1242	1595	241	298	345	854
66	906	13	163	458	1518	88	277	346	855
284	157	54	28	532	419	106	80	346	856
676	526	134	95	1272	1175	250	214	346	858
1319	812	259	151	1520	1204	300	226	346	860
741	156	144	31	957	383	188	76	347	922
972	48	191	9	1308	392	259	75	347	923
750	193	145	36	944	412	186	82	347	3254
1351	927	267	190	1523	1082	300	220	347	8008
381	869	74	171	710	1529	139	294	348	929
962	331	191	62	1202	564	236	106	348	932
1196	770	235	149	1529	1175	300	226	348	933
1	1175	0	226	184	1491	33	283	349	933
1206	1145	228	222	1503	1476	281	280	349	940
836	528	154	97	1004	702	190	133	349	7970
746	165	140	32	1130	557	219	112	350	952
746	1146	140	232	1091	1471	210	300	350	6752
241	760	47	145	532	967	98	180	350	7970
99	97	20	16	488	502	91	88	351	959
463	1342	86	241	806	1638	154	300	351	959
850	33	163	7	1349	647	257	120	351	962
1019	898	194	175	1217	1121	233	217	351	4181
1012	1158	193	232	1225	1380	235	274	351	6665
670	1217	128	252	806	1353	154	278	351	6674
1019	1407	194	271	1170	1558	223	300	351	7968
26	1	5	0	227	213	44	41	352	963
211	208	41	41	1549	1366	299	259	352	6772
211	956	41	191	777	1522	150	300	352	6824
777	1	150	0	1554	775	300	148	352	6825
211	264	41	51	1524	1559	294	300	352	7969
361	1081	72	200	537	1329	108	247	353	963
580	330	116	70	951	911	188	181	353	970
985	1112	195	228	1366	1490	268	300	353	971
1	31	0	6	314	339	63	62	353	7970
1053	826	203	157	1520	1155	299	225	354	984
863	83	167	18	1006	267	194	50	354	984
958	12	200	2	1113	174	231	33	355	989
456	692	94	139	704	964	150	197	355	991
177	669	36	136	406	1049	83	212	355	5445
471	118	97	25	667	297	141	65	355	7181
471	1344	97	271	617	1472	130	300	355	7195
184	1212	37	227	412	1409	84	267	355	7970
1160	1	240	0	1310	565	271	112	355	7971
585	907	118	177	811	1383	163	267	356	998
1125	834	235	157	1309	1000	271	190	356	3147
1116	707	233	140	1445	1037	300	207	356	7407
1116	990	233	196	1445	1320	300	264	356	7971
130	581	25	114	443	994	89	197	356	7971
433	758	89	154	571	896	122	187	357	999
618	62	131	13	1321	751	269	149	357	1006
1	1037	0	207	390	1437	81	290	357	7407
1	1320	0	264	161	1489	34	300	357	7971
161	5	34	1	390	354	81	72	357	7972
1	986	0	191	233	1218	50	241	358	814
689	1265	139	255	834	1422	169	286	358	1000
983	191	201	35	1507	715	300	134	358	1810
689	909	139	184	821	1041	165	210	358	4551
1019	493	209	96	1507	1035	300	198	358	7060
1	426	0	85	156	581	34	119	358	7638
1007	420	206	86	1507	933	300	183	358	7972
1	406	0	82	525	1127	105	223	358	7973
1017	668	196	124	1550	1201	300	228	359	1010
1	715	0	134	895	1587	172	300	359	1810
1	1035	0	198	504	1574	92	299	359	7060
511	1	93	0	772	350	147	70	359	7061
1	933	0	183	628	1560	117	300	359	7972
628	1	117	0	970	319	187	64	359	7973
1	1201	0	228	347	1554	71	300	360	1010
347	1	71	0	483	137	102	31	360	1011
863	298	181	62	1180	647	246	134	360	4822
6	603	1	124	210	828	45	170	361	1021
257	32	54	4	633	383	129	74	361	1024
1304	1	262	0	1495	280	299	52	361	1035
278	975	58	202	633	1359	129	276	361	4227
273	397	57	79	514	619	104	123	361	4228
351	1	69	0	567	304	116	63	362	1034
32	854	6	156	264	1172	51	214	362	1035
977	153	197	31	1494	1197	295	221	362	1041
1196	81	246	15	1341	330	278	64	363	994
57	516	11	101	184	647	38	128	363	1034
836	1391	173	264	956	1512	198	289	363	1045
170	24	33	4	957	1440	181	271	364	1032
1335	791	256	153	1556	971	295	186	364	1050
163	638	32	122	396	1089	78	206	365	1052
588	795	118	157	701	902	140	178	365	1053
1076	1038	214	204	1293	1243	255	243	365	1060
48	1	9	0	292	654	61	126	366	1069
941	1058	194	215	1134	1483	237	298	366	1077
1196	703	250	137	1448	1226	300	237	366	1078
196	522	40	102	292	624	61	124	366	5689
1	1226	0	237	152	1537	31	300	367	1078
208	296	43	58	345	433	70	85	367	1079
1009	84	212	16	1140	483	237	91	367	1085
1202	581	250	119	1443	822	300	169	367	1088
1202	80	250	15	1342	220	281	46	367	1089
1	822	0	169	640	1490	123	295	368	1088
1006	896	196	171	1418	1309	289	262	368	1092
8	208	1	45	128	328	23	67	369	1093
313	675	62	133	473	853	92	165	369	1094
997	1038	201	199	1310	1548	263	298	369	1098
1357	695	272	132	1494	848	300	163	369	1102
528	772	102	148	644	884	126	171	369	7964
691	886	135	183	950	1227	192	249	369	7985
607	811	120	153	818	1275	165	248	370	1105
1039	955	207	182	1472	1505	290	284	370	1106
49	1191	9	238	201	1425	41	287	370	7523
55	440	10	88	201	593	41	120	370	7987
496	809	95	155	660	987	126	188	371	1109
1360	680	268	127	1515	828	300	158	371	1117
1088	1	210	0	1319	209	260	44	371	7974
1171	395	236	76	1481	1095	298	208	372	1127
276	288	56	60	783	469	156	98	372	7974
81	1066	16	201	466	1538	97	299	373	1127
514	381	106	66	863	734	178	138	373	1129
1036	764	214	153	1266	1393	265	277	373	1131
1	515	0	94	296	1007	61	195	374	1133
462	374	97	66	598	527	126	98	374	1137
1246	861	255	178	1381	990	281	203	374	1140
638	634	134	126	810	829	166	160	374	1141
946	1104	188	204	1127	1285	223	239	375	722
197	1301	39	253	355	1529	72	300	375	1143
623	950	123	181	1084	1436	214	274	375	1147
479	730	97	149	673	877	133	176	375	7974
202	193	40	40	724	1009	145	194	376	1151
1249	508	251	97	1441	661	289	126	376	1155
124	91	24	16	728	1558	143	298	377	1156
776	451	152	91	886	561	173	112	377	1157
933	319	182	60	1142	691	225	133	377	1158
1	1425	0	270	171	1564	36	300	378	1160
219	100	45	19	379	258	78	51	378	1161
427	644	87	126	557	828	113	161	378	1162
608	86	123	17	849	745	169	135	378	1163
123	54	24	11	447	393	90	80	379	1167
965	495	193	96	1145	695	228	134	379	1171
1192	1315	237	256	1330	1482	268	290	379	1172
228	10	43	2	429	216	85	45	379	6665
133	1	26	0	559	748	106	139	380	1174
846	1	168	0	1491	1070	298	206	380	1178
750	1257	150	242	858	1359	173	264	381	1184
393	209	80	41	759	774	152	148	381	1184
905	1121	182	212	1096	1309	218	249	381	1185
319	914	64	178	595	1551	119	300	382	1189
1385	952	279	175	1485	1080	300	203	382	1192
1105	92	219	19	1267	332	252	69	383	1200
215	703	43	135	438	928	90	181	384	1203
926	1026	183	196	1080	1576	215	300	384	1208
34	1084	7	213	253	1495	52	293	385	1211
904	165	184	31	1108	627	225	119	385	1215
262	660	52	127	392	801	80	156	386	1217
718	710	148	141	825	931	171	187	386	1221
999	1170	206	234	1273	1516	259	297	386	1225
1307	232	266	44	1466	400	300	78	386	1226
439	382	89	78	671	587	139	122	386	7975
54	849	10	168	366	1139	74	226	387	1226
208	225	40	43	381	430	77	87	387	1227
826	1211	166	238	1041	1457	208	281	387	1231
1103	488	220	100	1287	674	257	135	387	1232
400	137	81	26	552	245	111	47	387	7976
1	128	0	23	217	575	44	112	388	1233
257	1330	52	251	395	1466	80	278	388	1233
442	239	89	45	590	416	120	80	388	1235
921	749	186	147	1105	1344	223	264	388	1237
28	68	6	13	283	635	59	119	389	1180
886	174	179	31	1151	494	232	93	389	1240
145	468	29	86	678	757	128	136	390	1242
916	765	179	151	1368	1362	273	274	390	1244
1	103	0	22	384	707	74	138	391	1245
568	117	111	22	897	419	179	84	391	1247
968	999	194	196	1161	1166	234	231	391	1247
104	504	19	102	380	856	73	170	392	1251
552	86	103	15	1345	1144	253	214	392	1253
1315	177	247	36	1612	561	300	106	392	1254
653	8	129	1	1521	1398	295	264	393	1257
161	966	31	206	692	1365	141	281	394	1259
1023	1140	206	223	1222	1336	247	263	394	1260
758	209	155	42	1188	690	241	135	394	1260
1249	117	253	21	1447	330	287	57	394	1261
93	1066	17	198	410	1389	78	262	395	1262
249	7	48	1	529	306	104	59	395	1263
561	839	110	158	918	1320	182	250	395	1264
965	621	191	123	1379	1073	278	214	395	1267
91	172	20	34	810	1093	162	212	396	1269
1278	609	256	119	1444	780	289	152	396	1273
87	1106	19	216	470	1542	93	298	397	1274
351	534	69	106	538	729	109	146	397	1275
572	519	116	102	1126	1498	223	291	397	1277
754	1	150	0	1126	446	223	88	397	4736
174	1228	34	246	410	1438	80	286	398	1281
662	1377	130	265	824	1539	162	297	398	1283
398	102	77	19	614	370	121	70	398	1283
1241	906	249	169	1386	1060	280	201	398	1291
162	362	33	66	438	1009	87	191	399	1293
769	710	156	134	1085	1143	221	219	399	1296
1243	544	254	103	1368	663	281	128	399	1300
88	687	20	130	293	898	64	176	400	1287
322	823	70	146	750	1275	159	240	400	1304
988	232	207	44	1249	511	269	108	400	1307
565	994	120	200	771	1178	165	238	400	3020
988	1097	207	209	1221	1406	263	278	400	4149
81	1117	16	211	284	1543	58	291	401	1308
704	371	137	65	856	544	165	96	401	1320
1216	892	238	171	1443	1268	285	244	401	1322
903	919	174	185	1169	1195	229	245	401	1326
1	199	0	39	584	1310	119	252	402	1323
793	1172	161	225	990	1359	199	261	402	1324
1211	6	246	1	1451	617	298	121	402	1327
1144	569	227	114	1352	982	269	195	403	1332
8	301	2	57	239	856	50	170	404	1333
663	1	137	0	847	191	171	34	404	1337
992	36	199	6	1411	684	282	125	404	1342
910	1	180	0	1161	644	233	122	405	1315
265	683	53	136	437	865	87	171	405	7008
280	113	56	21	576	368	115	70	405	7978
924	952	186	180	1318	1594	265	300	407	1351
666	1	134	0	873	309	176	61	407	1351
392	656	79	133	605	953	122	195	407	7978
216	336	44	60	730	1451	148	274	408	1353
884	1383	179	258	1123	1571	227	295	408	1354
1225	955	254	179	1449	1200	298	225	409	1358
187	52	37	9	953	1143	185	215	410	1359
1200	310	237	62	1492	690	298	138	410	1361
635	1121	125	231	1172	1422	232	290	410	7978
335	53	64	10	704	792	137	159	411	1362
999	1285	196	243	1160	1480	232	283	411	1363
176	136	37	26	551	631	111	119	412	1369
764	305	156	59	934	489	188	92	412	1373
1023	1	206	0	1358	569	275	114	412	1374
565	852	114	158	757	1044	148	192	413	1377
808	820	158	159	986	1000	190	190	413	1378
217	850	45	166	851	1474	180	300	414	1381
1277	134	272	26	1398	260	298	53	414	1385
532	685	105	130	1192	1583	242	300	415	1387
1192	1	242	0	1347	503	274	92	415	1388
705	194	147	37	1452	1541	293	291	416	1394
408	233	78	47	926	1140	185	221	417	1396
1	737	0	141	334	1579	62	295	417	1397
966	1309	193	257	1276	1546	254	300	417	1398
1105	120	220	24	1404	403	280	73	417	1399
667	1182	128	233	1104	1510	219	300	418	1020
1104	1	219	0	1438	395	288	83	418	1021
646	135	124	27	1453	947	292	196	418	7979
286	940	60	187	527	1487	107	291	419	1400
708	956	146	184	990	1397	204	270	419	1401
1143	1091	236	205	1320	1274	272	241	419	1402
1	802	0	154	229	1465	49	284	420	1403
272	5	57	1	725	543	152	109	420	1404
740	1	155	0	963	232	206	52	420	1405
211	1302	44	250	389	1503	80	288	421	1406
1194	624	243	121	1415	860	290	170	421	1410
716	88	147	17	819	200	170	41	422	1410
853	824	177	158	1009	990	211	192	422	1413
239	327	48	61	1020	1522	207	300	423	1425
1155	590	238	117	1449	907	294	175	423	1426
44	411	8	78	199	915	40	174	423	1433
129	126	28	23	435	507	98	102	424	1428
683	428	153	82	1063	926	236	184	424	1430
1053	365	233	72	1150	462	254	93	424	1431
82	421	17	80	343	708	68	133	425	1417
390	1061	77	210	643	1341	127	262	425	1418
715	912	144	178	1011	1193	199	231	425	1419
185	437	37	81	678	1031	137	198	426	1424
725	411	146	75	1037	1036	212	199	426	1434
1157	1229	237	229	1443	1558	295	293	426	1435
177	573	36	111	462	1529	93	291	427	1437
339	1	68	0	708	710	140	132	427	1438
742	1448	147	273	872	1568	177	300	427	1438
1020	239	208	42	1294	586	265	112	427	1440
240	999	47	186	442	1596	88	300	428	1442
1	314	0	59	265	685	52	127	428	1442
505	877	100	175	1111	1486	225	300	428	7499
1115	7	226	1	1478	374	300	75	428	7500
505	25	100	4	1478	1166	300	238	428	7980
489	1392	103	268	651	1554	135	300	429	1443
740	1303	153	254	892	1458	184	286	429	1448
1	374	0	75	446	828	95	171	429	7500
1	1166	0	238	280	1449	60	300	429	7980
280	1	60	0	442	179	94	37	429	7981
190	862	39	168	641	1386	131	275	430	1450
527	208	107	40	804	485	160	93	430	1451
530	613	108	115	757	846	151	159	430	2070
261	231	56	42	876	888	175	168	431	1455
1170	896	239	174	1459	1188	298	233	431	1458
1160	770	237	156	1459	1089	298	220	431	6105
59	624	13	119	375	929	81	182	432	1461
418	916	89	176	713	1241	151	240	432	1462
741	1325	156	259	875	1479	185	292	432	1464
939	55	198	10	1366	486	289	102	432	1465
942	524	199	102	1434	983	300	196	432	2663
12	473	2	100	492	1163	101	238	433	1465
520	904	106	188	937	1441	197	300	433	1466
937	1	197	0	1128	209	237	41	433	1467
1162	940	244	184	1372	1159	288	228	433	1467
1	983	0	196	285	1236	56	246	433	2663
1080	265	216	52	1239	439	249	86	434	1467
1286	1211	258	237	1445	1382	293	274	434	1467
1286	188	258	39	1436	339	290	71	434	5167
1	4	0	1	1015	1004	202	199	434	7504
1	727	0	152	740	1471	145	300	434	7981
740	1	145	0	1033	314	207	66	434	7982
13	41	2	7	370	419	74	81	435	1468
804	1375	162	267	971	1536	197	300	435	1469
567	33	113	6	745	446	149	87	435	1469
971	1	197	0	1418	1005	293	194	435	1470
1123	444	223	85	1316	671	266	130	436	1476
279	928	61	178	443	1438	98	277	437	1476
24	1	5	0	232	256	52	55	437	1477
739	895	162	180	973	1136	210	227	437	1478
1020	26	219	5	1413	626	300	119	437	1479
1	626	0	119	233	1146	52	221	438	1479
363	1382	79	269	486	1526	105	297	438	1482
533	1376	114	269	679	1522	145	300	438	1483
1046	1246	224	231	1295	1584	274	298	438	1486
91	47	20	8	284	308	60	60	439	1489
476	1136	99	224	644	1359	131	264	439	1490
699	1087	143	213	1033	1421	204	272	439	1491
1191	552	243	110	1478	858	299	167	439	1494
436	1	96	0	617	185	132	36	440	1497
859	543	183	105	1240	1050	261	204	440	1499
1	303	0	59	342	615	66	117	441	1502
282	117	58	25	509	614	107	128	442	1516
1	1280	0	254	151	1440	27	282	444	1537
198	1151	36	219	658	1607	118	300	444	1538
658	1	118	0	1167	785	219	152	444	1539
1376	799	265	149	1519	942	296	179	444	1541
189	290	39	56	774	1080	161	212	445	1522
922	135	192	27	1053	280	218	56	445	1524
751	472	157	92	1056	922	223	179	446	1549
754	754	158	137	1056	1226	223	231	446	3456
497	1346	103	264	628	1489	133	297	447	1553
246	1	51	0	450	250	94	47	447	1553
688	1193	146	229	897	1525	188	291	447	1556
937	1	196	0	1249	313	252	55	447	1557
497	932	103	187	628	1075	133	220	447	6741
56	278	13	53	387	979	76	184	448	1559
1308	1259	278	235	1427	1378	300	257	448	1562
443	553	96	111	584	727	129	146	449	1565
954	1104	213	217	1173	1496	261	300	449	1568
1173	1	261	0	1392	223	300	40	449	1569
1	223	0	40	234	675	40	115	450	1569
243	353	44	68	470	580	89	112	450	1570
1159	600	233	114	1354	802	275	157	450	1578
77	579	17	108	284	792	60	152	451	1556
575	946	118	187	883	1432	181	279	451	1580
942	797	194	149	1092	987	226	187	451	1581
1139	515	235	101	1442	818	300	166	451	1583
1139	1173	235	237	1432	1467	298	300	451	4818
1	818	0	166	630	1451	136	300	452	1583
630	1	136	0	943	338	199	63	452	1584
1078	352	225	74	1269	581	264	120	452	1589
1309	1377	272	268	1467	1539	300	297	452	1590
1	11	0	2	187	217	43	49	452	4819
26	1	3	0	137	112	26	23	453	1591
881	752	186	154	1073	1002	228	207	453	1594
211	998	44	199	310	1096	66	221	453	7984
468	1306	100	256	627	1483	133	293	454	1596
502	342	106	64	666	532	139	100	455	1598
713	1325	148	258	850	1469	176	287	455	1598
897	998	185	197	1139	1279	235	254	455	1599
800	14	165	3	1264	297	258	59	455	1600
932	79	192	15	1127	290	232	57	455	3193
1	129	0	24	455	570	97	117	455	7985
35	104	7	20	488	885	101	166	456	1601
535	409	110	77	738	728	151	137	456	1602
801	15	165	3	954	358	197	69	456	1603
1031	940	214	182	1250	1451	259	280	456	1603
100	843	21	165	717	1475	135	280	457	1605
982	830	188	156	1287	1561	249	300	457	1607
1287	1	249	0	1514	302	300	64	457	1608
1350	1	262	0	1470	121	289	27	457	2315
767	336	145	65	942	529	180	101	457	4372
1193	6	229	1	1489	302	293	66	457	4391
791	549	171	103	1253	1168	261	216	458	1613
1300	540	270	107	1440	728	300	142	458	1614
350	704	74	144	737	1503	151	299	459	7987
241	654	51	117	434	1075	89	192	460	1616
1126	93	227	16	1285	305	258	56	460	1619
1313	1003	263	187	1499	1243	300	229	460	1619
85	320	21	60	381	649	81	123	461	1620
420	346	89	69	800	1048	167	203	461	1622
847	854	176	160	1411	1443	290	274	461	1623
1	489	0	92	669	1388	138	266	462	1624
1060	392	216	75	1402	818	287	157	462	1626
226	252	48	51	473	518	99	105	464	1632
520	1024	108	205	824	1441	173	293	464	1632
1047	861	222	178	1200	1020	255	211	464	1633
1	89	0	16	327	977	65	182	465	1634
388	434	78	80	703	840	141	153	465	1635
913	68	184	15	1471	748	300	152	465	1637
311	28	65	5	857	671	173	129	466	1638
904	956	182	191	1190	1234	240	246	466	1639
474	731	98	148	925	1449	189	291	467	1643
999	255	205	47	1337	585	271	110	467	1644
745	740	158	148	1023	1154	216	229	468	1649
1202	849	257	167	1401	1364	300	268	468	1651
625	222	133	36	1234	836	260	158	469	1654
1281	729	269	144	1422	869	296	171	469	1655
629	380	134	78	899	692	189	142	469	2122
205	687	43	139	471	1259	99	250	470	1657
514	36	107	7	1069	759	217	147	470	1659
550	5	114	1	930	373	188	73	470	6414
1	907	0	172	493	1429	98	273	471	1668
540	452	107	92	1070	1475	220	297	471	1669
1117	185	229	36	1463	738	300	148	471	1670
514	1006	113	193	673	1164	149	225	472	1665
262	60	58	13	467	273	104	59	472	1671
1	658	0	131	650	1186	133	232	473	1664
710	253	147	50	902	451	187	89	473	1665
1194	339	253	61	1345	505	284	93	473	1673
179	11	35	2	683	540	142	109	474	1677
915	961	189	195	1062	1149	220	232	474	1677
1109	548	229	107	1343	782	271	149	474	1679
915	219	189	46	1062	410	220	86	474	7235
525	928	109	177	879	1392	179	266	475	1680
78	328	17	66	345	797	69	155	475	1681
52	756	10	147	307	1014	61	198	476	1683
467	1266	91	238	763	1580	152	300	476	1684
763	1	152	0	876	115	175	23	476	1685
928	864	187	169	1175	1105	235	216	476	1686
56	753	11	147	297	985	58	192	476	1815
13	1306	2	254	127	1420	24	276	477	1686
195	1344	40	261	415	1558	80	300	477	1687
829	1206	166	253	1057	1448	211	299	477	1720
1089	828	222	158	1481	1215	300	235	478	1696
30	93	6	19	348	510	71	104	478	1703
68	596	15	112	267	794	52	149	479	1699
559	1310	115	257	755	1522	157	300	479	1700
327	72	65	16	512	275	106	58	479	1700
755	1	157	0	1001	246	207	49	479	1701
68	1029	15	205	267	1227	52	242	479	7254
482	1051	92	208	701	1284	134	250	480	1698
20	660	4	124	528	1262	100	234	480	1704
489	760	93	138	879	1239	168	229	480	1705
1046	861	205	176	1365	1387	272	281	480	1709
364	1027	75	196	776	1493	162	292	481	1712
747	300	156	56	974	533	198	96	481	1713
1227	55	254	11	1465	292	300	57	481	1714
1	292	0	57	239	618	53	121	482	1714
792	793	173	156	1220	1484	265	289	482	1716
1	436	0	77	191	666	39	123	483	1718
383	33	79	6	527	180	110	37	483	1721
872	706	183	140	1148	1358	242	270	483	1723
1289	347	257	66	1489	685	300	131	484	1707
1	1188	0	240	238	1495	44	300	484	7738
238	1	44	0	1070	1104	211	222	484	7739
1	1241	0	235	226	1513	41	285	484	7964
196	573	42	112	334	716	72	142	486	1729
491	1000	103	186	688	1610	142	299	486	1730
862	32	176	7	1364	750	282	147	486	1732
779	447	166	89	1207	846	251	166	487	1741
1200	57	249	9	1477	333	300	60	487	1742
1	333	0	60	630	1657	115	294	488	1742
1228	307	252	57	1470	548	300	105	489	1748
158	1444	28	276	292	1578	52	300	490	1748
292	1	52	0	464	196	86	35	490	1749
511	215	95	40	811	626	155	119	490	1750
942	190	182	39	1503	1148	300	224	490	1752
52	1319	10	256	251	1518	51	296	491	1752
310	442	64	89	536	692	112	140	491	1753
683	421	144	83	919	984	193	194	491	1755
985	399	209	72	1279	1225	270	238	491	1757
1021	1	208	0	1359	556	277	105	492	862
1185	65	242	12	1359	255	277	50	492	881
1	729	0	130	285	991	60	184	492	1759
437	493	90	97	970	804	198	161	492	7989
1	421	0	83	435	1357	89	263	493	863
893	843	180	157	1203	1162	239	217	493	866
354	1059	74	206	586	1427	128	276	494	870
60	97	14	19	285	381	58	76	494	870
613	714	134	130	1074	1245	227	234	494	871
56	338	11	64	439	1237	94	235	495	874
486	693	103	137	685	1139	148	223	495	877
719	484	155	94	1130	897	243	181	495	878
1043	1384	208	276	1189	1523	233	300	496	877
198	1	43	0	365	274	78	57	496	879
139	774	29	139	385	1035	83	194	496	2093
139	9	29	2	381	190	82	39	496	3391
85	276	17	52	332	528	72	107	496	7321
1	1278	0	258	138	1461	27	293	497	886
247	962	49	194	898	1514	180	300	497	887
1040	991	208	194	1153	1107	231	218	497	888
1256	1	253	0	1389	140	282	29	497	890
1186	13	242	2	1483	315	300	61	498	893
184	471	35	88	345	645	63	119	498	901
717	935	138	174	1056	1269	208	241	499	704
168	131	33	22	1043	1003	206	193	499	895
179	765	36	149	712	1311	137	256	499	1256
67	959	15	189	330	1229	67	242	500	898
445	1024	91	209	821	1428	169	290	500	904
1023	843	212	167	1306	1187	267	229	500	905
83	356	19	67	334	633	68	119	500	1421
366	281	75	57	537	519	112	104	501	909
964	1027	205	198	1130	1200	242	234	501	914
1173	604	250	121	1373	846	292	169	501	915
1	953	0	189	205	1172	41	231	502	915
459	837	93	160	852	1350	178	265	502	1780
645	395	133	79	852	601	178	123	502	1781
1210	13	256	2	1421	270	300	54	502	1783
213	221	39	41	521	650	100	120	504	1773
735	1377	145	253	980	1610	194	297	504	1776
968	507	192	97	1442	1466	292	279	504	1777
8	123	1	22	208	362	39	65	505	1778
513	789	96	145	761	1089	145	203	505	1779
175	372	39	68	723	1078	152	211	506	1788
806	1005	172	196	1146	1399	244	269	506	1789
1	123	0	21	278	862	59	159	507	1791
828	249	180	48	1249	1066	268	211	507	1793
13	894	2	175	225	1451	47	281	508	1795
272	27	56	5	883	959	185	187	508	1796
1054	109	220	19	1187	257	249	50	508	1798
1	40	0	9	238	284	51	60	509	1799
285	93	60	16	974	1239	201	233	509	1800
1235	1	257	0	1416	331	296	66	509	1802
25	434	5	85	315	1330	70	256	510	1802
361	531	79	108	792	1298	171	256	510	1803
1036	1138	221	226	1386	1482	295	299	510	1804
848	1	182	0	974	130	208	27	510	1804
1117	760	225	148	1365	1014	275	198	511	1683
335	388	65	78	485	553	96	111	511	1808
1069	708	215	138	1353	985	271	192	511	1815
193	193	40	38	469	767	98	154	512	1818
1262	293	257	52	1468	684	299	123	512	1823
30	1102	6	199	235	1309	45	237	513	1823
282	256	54	46	465	441	90	82	513	1824
531	989	104	187	728	1339	144	253	513	1825
586	232	124	44	1044	1594	212	293	514	1832
439	375	88	75	728	797	147	154	515	1838
805	818	157	152	1197	1302	227	236	516	1848
1271	612	248	117	1539	913	300	174	517	1380
601	1	118	0	802	230	154	41	517	1854
1	913	0	174	215	1234	48	242	518	1380
262	414	57	80	531	669	111	131	518	1381
512	1437	107	274	650	1576	133	300	518	1382
1342	635	272	117	1486	784	300	146	518	1388
721	1323	147	252	927	1558	192	300	519	1213
599	29	119	5	927	597	192	119	519	1389
1205	1030	245	196	1449	1398	295	270	519	1393
237	1	49	0	380	158	78	32	519	6158
733	282	149	56	908	457	187	94	519	6465
744	753	151	147	931	945	193	189	519	6542
255	1	53	0	376	126	77	25	519	7979
857	824	166	154	1015	986	198	182	520	1399
16	243	3	47	871	1465	169	276	521	1402
1309	1133	260	216	1424	1252	284	241	521	1406
306	1	62	0	472	180	96	36	522	1408
668	1080	136	208	787	1215	159	235	522	1408
819	427	165	76	1058	995	213	188	522	1409
1229	760	246	143	1498	1098	300	209	522	1414
275	154	56	34	437	299	88	63	522	6327
109	156	22	29	289	345	58	65	523	1415
552	575	112	114	918	992	186	196	523	1428
1357	1305	278	248	1478	1426	300	270	523	1432
81	1132	17	222	284	1509	58	295	524	1416
530	789	110	147	1168	1570	238	300	524	1417
1168	1	238	0	1470	303	300	61	524	1418
332	811	67	166	487	972	102	201	524	6908
325	1143	66	237	483	1307	101	272	524	7979
1	303	0	61	585	901	117	179	525	1418
572	113	114	21	823	376	161	70	525	1419
1023	117	200	22	1333	427	259	81	525	1420
1	33	0	7	291	826	59	156	526	1421
355	294	72	52	527	474	107	87	526	1423
561	1321	114	252	705	1483	143	284	526	1423
752	12	152	2	1040	404	209	75	526	1424
13	197	2	39	218	668	46	126	527	1443
515	250	105	50	700	478	143	93	527	1450
265	179	55	37	849	450	173	90	527	7981
9	439	2	86	215	660	45	131	528	1458
262	20	54	3	386	154	81	30	528	1464
1062	188	212	35	1246	707	253	138	528	1469
373	1184	78	237	734	1514	145	300	528	7504
734	1	145	0	878	185	175	36	528	7505
433	314	90	66	882	757	176	151	528	7982
312	313	65	63	708	1391	148	269	529	1472
755	403	157	80	1060	973	218	194	529	1473
1203	996	247	197	1376	1268	281	246	529	1474
387	191	79	40	884	1325	181	263	530	1478
955	214	196	41	1137	514	235	99	530	1481
1	281	0	57	343	608	70	122	530	6928
1	1278	0	254	230	1501	48	300	530	7982
337	43	67	8	621	310	127	64	531	1488
691	459	143	89	1306	1541	269	300	531	1489
83	1062	17	205	277	1268	53	245	532	1492
340	1114	66	216	643	1534	127	297	532	1493
677	63	134	10	871	368	175	70	532	1494
859	846	172	164	1108	1131	224	221	532	1494
1362	442	277	85	1470	563	300	111	532	1497
204	932	45	178	362	1328	77	257	533	1501
402	870	85	163	692	1187	147	228	533	1502
803	456	170	88	979	632	203	121	533	1506
108	37	22	6	673	1373	135	268	534	1509
65	363	13	72	359	1007	72	200	535	1513
538	14	111	2	1021	560	216	114	535	1514
1183	1059	250	208	1411	1405	297	272	535	1515
620	1038	132	205	794	1220	163	236	536	1519
868	1	179	0	1641	768	300	120	536	1528
20	793	4	157	340	928	74	185	536	7983
1065	642	185	132	1809	1393	299	247	537	1527
72	974	15	162	489	1667	94	300	537	1528
489	1	94	0	995	506	169	75	537	1529
309	1	62	0	628	600	124	112	538	1532
878	53	172	10	1053	265	205	50	538	1535
656	837	130	165	871	1240	175	240	539	1520
805	12	158	2	1470	969	290	180	539	1521
16	1352	3	254	180	1536	34	289	540	1521
430	1364	84	254	757	1596	151	299	540	1524
1277	1047	257	203	1392	1162	279	225	540	1549
1019	461	205	98	1197	629	240	132	540	6807
76	309	17	60	355	820	70	158	541	1550
711	568	140	117	1235	1380	247	275	541	1552
740	274	153	54	1080	632	222	125	542	1558
37	244	7	46	697	907	145	185	542	6447
45	1219	9	243	303	1483	64	300	542	7983
303	1	64	0	693	391	144	80	542	7984
552	787	113	157	774	1265	158	255	543	1565
1287	20	264	3	1459	191	299	38	543	1571
109	291	23	59	413	916	86	184	544	1572
1209	1403	252	265	1385	1559	290	300	544	1576
180	86	37	15	366	304	77	60	545	1579
618	226	127	42	834	394	170	75	545	1580
1290	1247	265	234	1464	1421	300	269	545	1585
81	555	17	113	574	705	118	141	545	7984
1251	1265	251	237	1411	1427	282	267	546	1601
298	1191	57	239	837	1440	164	286	546	7984
117	105	25	19	337	359	67	64	547	1409
117	1008	25	196	324	1232	65	238	547	1606
1387	916	279	178	1470	999	300	199	547	1620
261	538	52	109	727	1172	146	228	548	1621
1018	296	207	58	1412	832	287	162	548	1627
953	764	186	158	1186	1060	230	212	549	1640
111	1420	22	271	271	1580	51	300	550	1646
271	1	51	0	764	512	154	106	550	1647
1197	319	238	62	1474	644	300	133	550	1650
1197	583	238	124	1387	752	283	165	550	6933
1250	463	250	100	1405	609	287	134	550	6987
562	782	114	159	1052	1259	220	253	551	1663
651	1153	132	228	846	1389	175	275	551	1667
151	192	30	36	642	705	134	145	552	904
16	191	3	39	642	1041	134	213	552	1678
976	1	204	0	1248	135	255	24	552	1691
1295	570	264	113	1414	711	292	142	552	1692
175	1	35	0	647	497	136	105	552	5986
191	110	38	19	651	486	137	100	552	8012
8	794	1	157	812	1542	155	300	553	1693
812	1	155	0	1556	743	298	142	553	1694
48	1279	9	237	176	1410	35	263	554	1694
223	645	44	132	427	816	82	163	554	1698
664	1	128	0	977	563	191	114	554	1700
304	824	63	158	429	949	89	184	555	1707
1079	1348	219	261	1249	1559	254	300	555	1729
444	713	87	150	685	940	136	195	556	1734
706	1	141	0	1151	654	234	130	556	1735
1199	1226	243	241	1424	1463	292	291	556	1737
197	163	38	30	714	872	136	162	557	1739
874	1021	170	201	1350	1502	267	300	557	1740
1350	1	267	0	1500	153	300	33	557	1741
1143	10	222	2	1500	519	300	117	557	7376
1304	916	257	194	1500	1105	300	235	557	7392
112	1304	24	255	344	1537	69	300	558	1741
420	1196	84	233	589	1355	120	267	558	1743
636	148	129	30	780	306	160	62	558	1744
13	71	2	13	243	381	51	76	559	1747
562	878	116	166	1231	1530	252	299	559	1750
378	1199	76	235	539	1520	111	300	560	1755
539	1	111	0	1141	1013	238	203	560	1756
965	894	198	174	1220	1091	255	218	561	192
544	1404	115	262	693	1553	141	288	561	862
740	181	150	37	1220	772	255	160	561	864
740	694	150	145	897	869	184	182	561	7072
544	969	115	192	680	1120	138	218	561	7489
1	1362	0	262	162	1529	28	290	562	865
364	604	66	115	587	821	117	161	562	870
634	412	126	81	955	731	188	141	562	872
929	153	183	32	1084	320	214	65	562	875
119	606	23	122	308	808	64	165	563	882
355	285	73	58	515	467	108	96	563	884
587	1	122	0	846	462	171	89	563	885
889	573	179	113	1167	824	236	165	563	886
1151	1199	233	235	1383	1498	281	293	563	888
136	231	27	41	321	431	66	78	563	2277
906	771	174	146	1165	986	230	193	564	899
13	651	2	128	731	1528	137	291	564	4091
13	54	2	12	850	1101	163	208	564	6898
906	616	174	131	1157	965	228	212	564	7249
13	902	2	181	565	1544	104	294	564	8056
421	1	76	0	850	458	163	93	564	8057
1	475	0	90	152	633	31	122	565	899
930	1331	190	265	1101	1500	226	300	565	909
1101	1	226	0	1314	247	273	53	565	910
635	232	130	46	1314	1395	273	273	565	916
635	780	130	148	876	1053	178	203	565	6128
1	751	0	140	406	1144	78	216	566	1764
1349	658	267	133	1498	795	300	163	566	1765
553	78	107	15	825	354	163	71	566	1781
872	734	172	151	1131	1055	225	214	566	1783
1188	1334	237	256	1302	1448	258	277	566	1806
292	1	57	0	550	291	111	61	567	1768
1054	911	211	167	1369	1348	271	249	567	1770
597	1035	120	208	1007	1252	202	252	567	7989
539	277	101	50	835	597	162	117	568	1774
1131	97	221	15	1532	347	300	64	568	1775
557	432	104	82	728	572	140	111	568	2531
1131	592	221	116	1310	814	257	161	568	7081
1	1252	0	252	433	1509	81	300	568	7989
108	1040	22	194	272	1332	54	247	569	1775
319	1070	63	204	502	1258	99	240	569	1777
894	1199	175	240	1041	1378	206	275	569	1786
1226	115	245	23	1491	315	300	65	569	1789
326	535	68	104	670	1434	138	273	570	1790
1331	859	274	161	1451	979	300	187	570	1792
730	597	151	117	950	786	195	154	570	7990
379	561	77	107	499	688	102	133	571	1794
539	142	110	27	714	592	147	117	571	1795
761	1072	156	209	1032	1513	215	300	571	1796
1032	1	215	0	1375	332	287	69	571	1797
265	670	55	135	886	1487	188	297	572	1799
921	94	195	18	1078	248	229	52	572	1801
1254	658	267	129	1395	810	297	160	572	1802
30	1421	6	274	154	1545	32	300	573	1802
30	171	6	35	205	358	43	74	573	1803
252	439	52	85	516	904	106	177	573	1804
683	275	140	55	1050	732	216	143	573	1805
1084	1089	223	217	1478	1283	300	255	573	7990
250	129	50	24	682	573	141	115	574	1806
885	311	181	61	1073	519	219	101	574	1814
1108	1394	226	263	1234	1522	250	288	574	1816
1	1283	0	255	207	1489	42	297	574	7990
1	1138	0	215	117	1281	26	244	575	1807
497	840	98	153	1066	1682	205	300	575	1824
1131	180	219	33	1355	576	262	106	575	1825
531	1	103	0	839	405	162	76	575	1889
266	666	51	123	414	808	81	152	576	1831
164	320	31	60	293	477	56	87	577	1840
802	1352	155	239	1058	1576	203	277	577	1842
1092	1048	210	199	1437	1303	277	247	577	1843
523	713	100	140	799	1377	146	257	578	1849
1144	259	210	48	1339	563	249	104	578	1852
102	1392	21	256	274	1603	49	289	579	1858
321	110	58	21	728	1045	135	189	579	1859
860	58	162	12	990	188	186	36	579	1863
472	218	97	40	1043	1299	221	249	580	1870
1	869	0	168	334	1178	71	229	580	7993
90	1421	19	267	233	1558	49	296	581	1874
299	719	64	135	561	1363	119	253	581	1875
955	1130	205	217	1328	1591	277	300	582	1882
33	1150	6	221	339	1488	69	290	583	1883
1324	118	270	20	1470	284	300	52	583	1886
397	520	82	102	593	712	118	136	583	7997
33	890	6	171	628	1521	132	300	584	1886
628	1	132	0	772	152	163	31	584	1887
1103	1127	234	236	1412	1436	298	300	584	7225
1103	481	234	99	1420	1043	300	214	584	7994
819	1246	172	238	1056	1491	225	291	584	7997
1	9	0	2	1454	1463	299	300	585	7226
1	1043	0	214	403	1469	82	300	585	7994
403	1	82	0	1457	1212	300	245	585	7995
1	4	0	1	1452	1415	290	279	586	7227
240	5	50	1	994	839	199	165	586	7996
1143	144	229	28	1476	520	297	102	586	7997
15	555	3	108	370	913	77	181	587	1885
1009	576	209	118	1500	1051	300	207	587	5746
1009	1043	209	223	1418	1455	286	300	587	6946
417	18	86	4	672	276	140	58	587	7228
417	712	86	136	962	1246	200	238	587	7997
1009	175	209	27	1500	676	300	120	587	7998
1	1051	0	207	462	1514	92	300	588	5746
462	1	92	0	825	360	166	72	588	5747
1	83	0	14	849	942	173	187	588	6947
1	676	0	120	934	1569	189	300	588	7998
938	1	190	0	1459	637	300	127	588	7999
1141	1120	244	221	1267	1258	269	247	589	1890
9	641	2	128	673	1057	146	214	589	7999
1107	484	228	91	1461	1058	300	199	590	1897
280	515	59	92	1040	1646	208	300	591	1899
1040	1	208	0	1257	232	253	46	591	1900
1244	676	250	127	1451	875	290	166	591	1900
25	1261	5	241	214	1497	45	284	592	1900
261	1051	54	206	565	1528	115	300	592	1901
537	7	109	1	946	596	190	111	592	1902
1173	659	235	121	1359	860	270	157	592	1903
35	373	7	70	394	1141	79	219	593	1904
675	111	136	19	1100	543	220	102	593	1907
1087	796	217	155	1438	1387	289	264	593	1908
1006	244	203	47	1344	802	271	158	594	1916
1	640	0	122	311	980	64	188	595	1917
478	359	99	67	761	641	157	124	595	1919
162	564	37	106	287	751	63	143	596	1924
773	1328	165	254	908	1463	191	280	596	1928
978	421	207	76	1173	597	245	109	596	1929
58	440	10	82	368	770	74	147	597	27
43	418	8	82	524	1248	105	238	597	1931
558	328	112	65	815	694	165	141	597	1934
985	9	198	2	1259	297	253	59	597	1935
1	912	0	182	218	1143	48	231	598	1935
515	993	109	191	760	1573	158	300	598	1940
1270	1106	259	223	1413	1260	286	252	598	1943
6	251	1	44	232	478	47	89	599	1944
266	1035	54	190	561	1370	106	248	599	1944
601	562	114	107	1528	1479	297	286	599	1945
602	1262	122	242	734	1395	147	267	600	1948
38	400	6	75	324	832	67	160	601	1954
617	371	124	68	1327	1221	263	233	601	1956
1383	185	275	33	1519	325	300	59	601	1957
423	1258	89	240	618	1463	128	279	602	1953
1	325	0	59	327	564	69	107	602	1957
138	965	28	190	327	1155	69	231	602	1960
1070	900	215	169	1261	1491	253	278	602	1965
626	145	139	27	827	437	178	81	603	1972
794	1221	171	221	1110	1589	234	290	603	1973
1157	23	243	4	1304	206	272	39	603	1974
1357	529	271	96	1484	654	300	124	604	171
81	217	16	38	398	757	75	136	604	1978
654	1068	127	213	993	1464	199	290	604	1980
1040	159	208	30	1484	1288	300	244	604	1981
1	1288	0	244	290	1571	57	300	605	1981
290	1	57	0	807	557	168	117	605	1982
1000	443	210	86	1439	1495	295	280	605	1983
54	29	10	5	453	464	87	87	606	1984
1292	1073	255	203	1464	1506	289	278	607	1985
1	1296	0	264	186	1481	36	300	607	1992
188	99	37	19	649	596	134	114	607	1993
876	53	185	10	1246	433	246	72	607	1998
70	692	14	135	292	1193	54	222	608	2001
537	23	109	5	926	475	190	100	608	2003
993	176	205	30	1246	474	251	83	608	2011
1280	1010	258	185	1531	1261	300	227	608	2011
677	414	137	87	908	688	186	146	608	7320
563	522	111	100	1023	1427	196	271	609	2004
53	303	10	58	1394	1476	276	282	610	2008
496	890	99	167	858	1274	164	235	611	1999
154	744	31	149	426	1014	82	200	611	2013
892	214	171	41	1127	444	219	86	611	2015
1127	445	219	86	1386	855	268	161	611	2017
252	70	54	13	614	459	130	95	612	2019
673	1245	143	247	848	1505	177	294	612	2019
916	155	191	28	1174	830	241	150	612	2020
1230	241	254	47	1452	504	299	99	612	2023
421	347	88	68	1150	1507	230	283	613	2027
240	906	46	170	545	1479	106	276	615	2041
880	242	174	44	1237	555	243	103	615	2043
1028	702	216	140	1381	1436	289	286	616	2054
1	952	0	183	468	1545	97	298	617	2055
868	217	180	42	1079	596	220	110	617	2059
1296	609	268	126	1444	978	300	196	617	2061
143	163	30	31	452	533	90	100	618	2062
866	894	178	176	1027	1201	210	229	618	2064
1092	527	224	93	1263	704	258	130	618	2065
1299	919	265	177	1471	1091	300	212	618	2067
392	211	79	41	626	438	123	84	619	1451
87	27	19	6	607	421	119	77	619	2069
216	420	44	78	715	1009	142	189	619	2070
717	548	143	105	916	897	182	170	619	2071
1241	1126	246	213	1535	1381	300	257	619	2076
1	1381	0	257	182	1555	37	290	620	2076
683	146	144	25	897	669	186	119	621	2093
937	30	194	5	1107	288	227	53	621	2095
283	38	68	7	621	433	137	84	622	2088
1085	1334	237	253	1344	1587	291	299	622	2098
320	1026	65	187	528	1505	104	272	623	2100
556	122	109	25	1237	1062	248	207	623	2101
1284	192	257	37	1501	415	299	80	623	2102
295	1194	62	227	440	1339	87	252	624	2106
678	696	137	142	1085	1358	219	270	624	2108
1301	1100	260	213	1429	1334	287	258	624	2109
1132	405	228	79	1254	527	251	102	624	2109
1192	763	243	151	1456	1025	290	199	625	1806
172	370	35	72	672	1349	139	273	625	2112
1103	143	225	26	1438	477	285	86	625	2114
1192	328	243	67	1456	601	290	119	625	6034
1110	525	226	109	1443	913	286	179	625	7023
335	895	67	170	646	1227	129	234	626	2116
926	1305	183	238	1196	1609	236	295	626	2117
167	1323	35	259	288	1444	58	282	626	8004
233	737	49	131	620	1268	124	230	627	2124
667	376	133	71	1098	921	227	182	627	2125
1173	292	244	60	1476	956	300	177	627	2126
123	300	22	57	273	454	52	87	628	2127
319	1248	61	239	553	1605	104	299	628	2127
930	508	179	96	1496	1234	299	243	628	2129
262	272	53	55	444	459	82	84	629	2124
1099	1351	226	250	1247	1627	255	300	630	2140
1191	1094	249	205	1379	1287	288	245	631	803
172	69	38	12	556	705	118	133	631	2142
1178	73	246	14	1388	302	291	61	631	2144
8	588	1	119	136	721	28	146	632	2144
205	332	42	69	608	1101	123	216	632	2145
414	1	85	0	1166	1501	244	286	632	2146
819	859	173	166	1012	1060	213	206	634	2152
20	713	4	135	421	1347	82	250	634	2158
191	546	40	104	445	994	93	191	635	2153
844	913	167	170	1397	1577	283	300	635	2155
342	244	66	44	634	678	128	127	636	2160
1260	1046	254	201	1485	1423	300	271	636	2164
532	1066	106	197	1041	1604	206	300	637	2167
1041	1	206	0	1340	300	266	60	637	2168
308	179	73	33	603	530	124	92	638	2171
1215	713	250	129	1417	924	286	166	638	2172
171	525	32	99	468	1089	94	208	639	2174
561	275	116	54	705	419	145	83	639	2175
1015	39	207	7	1422	670	292	130	639	2177
661	23	137	4	995	434	208	87	641	2186
112	5	23	1	363	392	76	78	641	2187
1034	475	216	94	1378	1159	287	225	641	2189
158	12	31	2	605	977	123	192	642	2191
996	1	201	0	1284	199	260	38	642	2194
215	137	47	26	396	528	84	100	643	1176
1201	729	251	138	1437	1036	299	195	643	2201
221	1273	45	240	856	1598	168	300	644	2202
1315	1267	258	248	1524	1497	297	289	644	2206
729	1005	153	178	1004	1584	208	288	645	2209
1098	963	227	185	1301	1503	268	282	645	2210
250	1200	52	219	649	1593	125	290	646	2212
626	29	121	5	1342	876	255	160	646	2213
285	449	57	82	409	603	86	113	647	2217
1044	1037	210	197	1275	1338	259	255	647	2217
1	412	0	77	424	1000	87	186	648	2218
621	1103	127	204	1113	1590	224	300	648	6640
1113	1	224	0	1487	387	300	79	648	6641
621	406	127	74	1487	1285	300	253	648	8006
1	387	0	79	1018	1386	196	271	649	6641
1	1285	0	253	247	1539	46	300	649	8006
247	1	46	0	1031	807	200	156	649	8007
436	963	92	192	590	1141	122	225	650	2223
637	216	131	41	1040	619	216	126	650	2224
1103	89	230	18	1313	372	271	73	650	2226
512	855	103	159	731	1073	147	202	651	643
1	270	0	52	244	818	51	161	651	2227
291	918	60	181	458	1100	93	215	651	2229
505	210	102	41	731	446	147	86	651	2230
778	82	156	15	1260	647	257	126	651	2233
179	1082	36	210	543	1534	110	300	652	2230
725	20	149	4	1148	1025	240	210	652	2232
178	832	38	169	340	993	72	202	653	2239
529	865	114	169	730	1036	157	204	653	2240
62	903	13	177	406	1471	83	282	654	2244
457	12	93	2	693	356	143	72	654	2245
736	803	151	160	1339	1288	279	260	654	2245
844	154	163	31	964	283	186	56	655	1945
107	1201	23	225	481	1628	91	300	655	2246
828	1163	160	229	1061	1476	206	289	655	2249
345	73	64	13	909	1377	180	261	656	2251
1014	357	204	69	1429	914	287	176	656	2252
10	373	2	67	302	823	55	145	656	2255
85	5	16	1	391	605	80	117	657	2253
802	1054	163	186	1168	1590	235	286	657	2255
1175	355	236	68	1470	1045	296	201	657	2256
744	211	152	44	1180	535	239	109	658	8008
535	190	107	34	850	834	166	151	659	2263
212	694	48	135	792	1463	169	282	660	2265
528	85	102	19	1068	579	200	112	661	7633
513	1303	99	256	709	1512	138	299	661	8009
709	1	138	0	1093	440	207	80	661	8010
694	111	135	21	1192	637	240	130	662	2273
471	852	93	167	635	1015	122	196	662	2275
514	709	100	148	635	830	122	170	662	6022
234	168	50	32	369	317	79	62	663	2279
416	278	88	54	772	721	166	141	663	2280
978	41	209	8	1126	195	243	43	663	2283
651	330	135	65	750	420	159	87	663	3154
600	1030	125	216	750	1179	159	250	663	7231
1026	800	212	154	1220	993	250	192	664	2285
1281	227	263	46	1454	473	300	96	664	2286
235	695	50	132	954	1578	197	299	664	8010
202	629	44	125	469	895	93	173	665	2287
532	954	107	188	768	1520	153	296	665	2288
945	52	188	9	1481	1051	291	193	665	2290
525	1228	105	247	709	1396	145	281	666	1677
151	145	29	28	478	571	96	108	666	2292
525	581	105	109	846	1030	171	196	666	2293
607	190	115	34	1048	890	207	173	667	2302
1119	799	222	161	1528	1244	300	246	667	2304
860	932	173	184	1120	1444	225	278	668	2308
1305	782	261	150	1507	999	298	188	668	2310
390	55	75	10	618	283	116	51	669	2312
1000	330	190	70	1391	1062	264	206	669	2318
138	1240	27	231	324	1424	65	267	670	1435
132	1027	26	193	324	1243	65	234	670	2322
360	996	72	191	704	1472	138	275	670	2323
1165	5	230	1	1476	381	291	72	670	2326
1165	828	230	167	1431	1155	280	229	670	7411
613	297	123	62	970	686	203	145	671	2315
1017	1172	212	236	1214	1439	252	285	671	2315
122	9	25	2	256	422	51	84	671	2327
314	1339	64	260	493	1519	101	294	671	2327
1112	75	225	15	1423	457	287	89	672	2335
615	994	129	183	849	1202	176	225	673	1199
883	1072	183	207	1322	1526	272	300	673	2335
1	1280	0	237	206	1591	43	296	673	2338
615	46	129	10	813	238	169	49	673	7051
779	848	149	159	1006	1124	196	211	674	2345
547	1253	117	241	757	1519	161	294	675	2350
581	751	119	146	958	1188	195	232	676	2356
1288	383	261	70	1464	875	300	169	676	2358
788	986	161	209	934	1150	191	243	676	4515
1	875	0	169	220	1150	48	223	677	2358
486	358	101	69	682	554	136	104	677	2360
1020	615	206	121	1242	924	248	176	677	2361
1059	796	210	148	1213	950	240	178	678	1858
1	1005	0	191	323	1489	64	277	678	2362
255	44	52	8	627	1047	127	199	679	1862
48	310	9	55	474	696	95	127	680	1867
718	576	146	115	1266	1037	256	207	680	2560
741	859	151	170	1237	1260	250	253	680	3229
829	703	169	145	1482	1337	299	271	680	5832
423	244	85	54	1486	1300	300	267	680	7174
416	1048	84	192	891	1576	182	300	680	7991
891	1	182	0	1482	625	299	123	680	7992
1	1300	0	267	170	1465	34	300	681	7174
170	1	34	0	1406	1189	280	236	681	7175
1	629	0	124	872	1514	175	300	681	7992
872	1	175	0	1435	585	289	114	681	7993
92	951	17	190	264	1123	53	226	682	1873
486	301	96	56	723	963	143	180	682	1875
930	1150	184	223	1081	1461	214	283	682	1876
770	1178	152	229	1508	1535	300	298	682	7993
746	1153	157	222	1094	1540	224	293	683	1855
142	293	31	60	304	475	66	97	683	1880
76	363	15	68	236	695	47	128	684	1856
488	1036	97	190	864	1560	170	293	684	1881
916	83	180	17	1090	570	215	110	684	1882
1146	435	226	82	1423	715	281	138	684	1886
1082	556	216	104	1197	722	239	139	685	1893
1017	269	200	47	1181	442	231	78	686	1899
973	19	195	3	1089	136	218	26	687	1905
395	1214	80	242	797	1511	159	300	687	7999
279	336	55	62	1128	1541	221	285	688	1910
1338	538	263	94	1537	941	300	165	688	1911
264	843	53	157	529	1645	100	300	689	1913
1115	1145	217	225	1326	1524	258	296	689	1919
1373	170	267	35	1528	490	299	96	689	1920
748	1089	147	218	1107	1497	211	289	691	1934
1253	458	241	83	1547	933	295	164	691	1937
646	1371	132	261	754	1491	153	285	692	1940
1119	644	226	126	1459	1451	296	286	692	1941
1	195	0	38	141	371	27	69	693	1942
651	541	124	101	817	724	154	132	693	1944
855	349	162	67	995	495	188	94	693	1945
1039	1028	197	198	1359	1358	260	262	693	1946
8	1294	1	244	201	1545	40	294	694	1947
248	39	49	7	379	162	77	33	694	1948
1117	110	222	19	1476	598	292	110	694	1961
808	1024	159	195	1249	1517	242	282	695	1967
13	713	2	132	237	1166	43	213	696	1968
265	547	48	104	437	727	83	139	696	1970
460	1348	87	252	678	1583	132	300	696	1972
678	1	132	0	1573	1255	300	226	696	1973
98	485	19	80	291	897	55	154	697	1975
504	1265	98	236	743	1613	143	300	697	1976
1247	197	242	35	1551	481	300	88	697	1979
1138	483	240	91	1451	1069	300	201	698	1984
349	433	70	86	1091	943	231	196	698	8001
474	744	92	136	1124	1586	221	300	699	1988
1124	1	221	0	1432	652	286	125	699	1989
474	81	92	17	634	279	122	56	699	7521
272	943	53	196	431	1107	84	228	699	8001
145	920	27	175	408	1188	77	226	700	1173
1092	968	217	187	1248	1111	247	215	700	1989
638	597	126	117	1508	1528	299	300	700	1990
153	938	28	195	408	1197	77	244	700	7206
137	1099	25	226	446	1388	86	283	700	8001
1	4	0	1	255	513	54	104	701	1991
289	102	61	23	861	913	182	188	701	1992
921	868	195	172	1231	1481	260	295	701	1993
1278	7	269	1	1435	162	300	31	701	8002
41	562	8	106	322	900	69	179	702	1993
296	74	63	14	460	274	97	52	702	1994
663	780	142	157	971	1238	209	251	702	1994
1029	627	222	129	1369	920	289	185	702	1995
678	65	145	12	833	231	181	49	702	2012
4	59	1	10	386	946	76	179	703	1996
751	1425	150	254	986	1661	196	300	703	1998
986	1	196	0	1151	146	231	32	703	1999
1	122	0	24	393	1049	82	208	704	1986
861	1408	175	260	1218	1620	242	300	704	1999
657	1241	133	232	814	1399	166	265	704	2014
440	281	91	56	1139	570	226	111	704	8002
68	733	13	140	330	1332	65	254	705	2000
370	25	73	5	715	687	142	134	705	2001
694	251	137	48	1503	1249	300	247	705	2002
785	158	158	29	978	352	196	67	706	1996
1	1249	0	247	298	1497	62	296	706	2002
590	1473	119	265	750	1628	151	295	706	2011
1025	960	205	190	1313	1498	266	300	706	2012
662	1434	134	278	809	1562	159	300	707	2003
489	258	98	48	594	363	120	70	707	2004
1	262	0	53	272	599	57	121	707	2013
662	997	134	202	829	1138	163	227	707	8014
51	451	10	83	699	1385	138	254	708	2006
726	588	144	115	886	769	174	150	708	2007
636	267	128	55	1064	698	204	132	709	1999
278	68	58	14	589	622	119	116	709	2014
1130	754	220	141	1518	1484	296	283	709	2015
52	858	10	164	231	1037	49	203	709	8002
184	1051	35	187	410	1259	72	222	710	43
25	719	5	139	730	1623	133	300	710	2016
84	96	16	17	482	701	97	137	711	2025
877	226	178	45	1052	866	213	163	711	2027
1079	1192	219	239	1349	1495	271	294	711	2028
180	1203	38	212	434	1706	80	299	712	2030
492	954	92	191	855	1558	162	300	712	2031
855	1	162	0	1029	614	197	118	712	2032
51	229	11	42	710	1581	138	298	713	2036
874	765	170	142	1183	1409	228	260	713	2037
941	818	190	153	1445	1443	290	276	714	2043
609	1212	124	235	890	1378	180	269	714	8002
90	672	19	133	368	953	78	193	715	2044
578	594	120	115	877	935	176	180	715	2045
954	1	194	0	1487	954	300	183	715	2046
209	335	43	62	631	1124	121	203	716	2047
1241	945	248	177	1443	1186	292	225	716	2049
835	272	163	53	1194	647	239	132	716	8003
132	573	27	108	303	769	65	149	718	2055
683	378	142	74	1229	1544	253	300	718	2057
120	356	23	68	405	1243	80	235	719	2058
873	991	169	186	1111	1649	216	300	719	2059
1111	1	216	0	1325	316	259	56	719	2060
1359	875	266	162	1530	1034	300	193	719	2060
11	630	2	124	168	919	33	181	720	98
1	1034	0	193	435	1577	90	300	720	2060
416	131	86	28	738	516	154	107	720	2061
892	709	185	136	1129	1247	232	238	720	2062
1	818	0	174	168	985	33	207	720	7262
1	372	0	77	436	1344	88	260	721	2063
577	700	116	129	868	1386	174	260	721	2065
1177	162	234	30	1415	412	283	81	721	2071
307	42	62	7	649	821	128	151	722	2073
307	635	62	126	937	1200	184	227	722	2076
926	323	182	64	1353	1308	265	247	722	2077
568	53	116	10	786	291	162	59	723	2076
1133	1	231	0	1483	311	300	60	723	2079
1	311	0	60	321	936	65	181	724	2079
1064	1088	212	199	1398	1600	275	299	724	2083
849	52	169	9	1017	398	203	76	724	2083
679	283	136	51	979	1177	198	220	725	2089
96	626	20	116	335	1035	68	193	726	2095
378	707	76	135	844	1366	169	259	726	2097
993	416	197	79	1181	562	232	105	726	2098
20	249	4	51	214	455	43	91	727	2101
258	1073	52	206	676	1532	132	294	727	2102
723	232	141	43	1029	684	209	131	727	2103
158	350	32	67	292	481	57	91	728	2111
478	210	93	41	661	679	130	133	728	2113
1245	935	253	178	1419	1116	294	220	728	2113
708	483	139	89	1194	938	243	186	728	8004
16	1000	3	186	216	1604	41	300	729	2114
723	702	151	144	940	938	196	190	729	2115
216	1	41	0	457	243	97	56	729	2115
1349	138	273	27	1499	281	300	52	729	2118
1	400	0	76	371	733	71	138	730	2118
1022	1095	194	206	1230	1542	234	289	730	2123
381	1353	73	261	568	1544	111	300	731	2125
627	723	123	139	773	873	151	168	731	2127
168	1321	30	259	335	1512	61	293	732	2129
1169	305	217	57	1612	995	300	188	732	2131
1	995	0	188	212	1282	42	242	733	2131
260	93	51	17	485	356	92	64	733	2132
1016	1358	191	263	1230	1546	232	298	733	2135
1408	38	266	7	1564	230	297	42	733	2136
30	1378	6	266	160	1559	32	300	734	2137
144	39	29	7	327	638	65	117	734	2138
967	602	192	111	1524	985	300	181	734	2140
521	964	97	182	643	1145	120	213	735	2143
1	312	0	62	168	599	35	119	736	2147
1355	42	276	7	1465	171	298	33	737	2155
429	720	87	124	632	893	130	161	737	8005
1225	1098	236	209	1405	1278	270	243	738	1174
654	42	122	7	1093	613	209	114	738	2161
1112	1347	213	253	1498	1538	289	291	738	2161
1225	1079	236	213	1405	1259	270	247	738	8004
507	7	95	1	860	264	162	47	738	8004
72	748	15	129	517	1500	104	270	739	2163
1	258	0	48	142	398	25	72	740	2169
612	1227	115	237	871	1537	168	298	740	2175
854	81	165	15	1486	900	286	166	740	2176
1	1119	0	215	171	1322	34	257	741	2177
420	643	87	127	747	1000	158	202	741	2179
978	1358	203	252	1179	1538	249	292	741	2180
794	230	167	41	1025	519	214	96	741	2180
460	702	91	138	621	1168	123	224	742	2185
103	1208	21	235	254	1321	52	259	743	2189
787	762	158	148	893	906	179	176	743	2192
1164	730	231	141	1347	1177	266	231	743	2194
210	575	39	110	630	1580	120	300	744	2196
891	1055	171	194	1272	1572	254	297	744	2197
627	486	127	90	812	748	164	140	745	2199
382	38	76	8	562	373	114	71	745	2200
860	940	173	182	1243	1410	250	277	745	2200
1	243	0	44	204	458	41	86	746	2201
902	1197	176	226	1093	1504	216	288	746	2201
1305	782	257	148	1530	972	299	182	746	2205
15	1402	3	264	205	1596	38	300	747	2205
254	1	47	0	421	446	82	87	747	2206
758	258	151	47	1454	880	281	164	747	2207
360	76	72	15	776	607	157	117	748	2210
1012	190	205	40	1251	384	253	77	748	2211
157	535	32	95	736	1182	147	216	749	2212
911	422	179	80	1529	1164	296	220	749	2215
144	193	27	36	1413	1407	272	267	750	2216
656	536	135	104	834	714	169	138	751	2228
16	729	3	146	231	1229	48	245	752	2231
928	718	187	139	1477	1485	300	292	752	2236
265	987	55	191	460	1145	94	222	752	8007
5	424	1	82	643	1273	122	242	753	2237
1	1259	0	245	170	1483	34	287	754	2238
319	1032	63	203	507	1260	104	249	754	2240
803	1	166	0	1398	211	286	44	754	8008
148	691	31	131	487	1502	97	285	755	2243
618	857	123	168	899	1486	179	290	755	2247
947	158	188	30	1508	1384	296	263	755	2248
260	120	51	22	823	982	165	194	756	2249
1198	798	240	157	1503	1054	300	206	756	2250
1	1054	0	206	241	1342	48	261	757	2250
911	1027	178	196	1093	1346	214	254	757	2257
1347	132	265	26	1518	612	298	114	757	2260
593	172	111	32	734	313	143	64	758	1196
175	162	31	32	462	519	85	96	758	2261
173	717	37	134	321	878	66	166	759	1764
161	278	35	56	337	481	71	96	759	2264
485	949	103	180	686	1131	146	217	759	2265
365	830	76	167	1194	1429	243	289	759	8008
231	215	42	38	648	432	124	81	760	2268
696	944	133	178	819	1068	156	201	760	2268
483	632	90	130	996	811	190	164	760	8008
1	1188	0	215	110	1296	25	240	761	2269
623	994	126	189	1411	1513	278	284	761	2270
850	127	169	22	1120	394	222	75	761	8009
1	86	0	16	280	348	59	68	762	2271
1082	180	216	35	1269	389	259	80	763	1698
536	147	105	28	1308	1531	268	300	763	2274
1	465	0	90	489	919	96	179	763	8009
1000	55	199	9	1199	266	240	51	764	2281
76	919	15	179	413	1320	83	260	764	8009
26	1	5	0	615	772	124	146	765	2282
840	598	168	122	1458	1531	288	300	765	2283
1214	966	243	184	1467	1128	290	215	765	2295
1286	54	257	10	1467	221	290	43	765	2296
733	1257	144	251	914	1464	179	290	766	2284
1130	1181	221	229	1469	1548	287	300	766	2285
961	47	188	8	1090	185	213	34	766	2285
299	867	62	165	604	1150	118	212	766	8010
205	1352	39	268	401	1473	75	290	767	2283
470	573	91	109	645	731	130	142	767	2285
679	52	137	12	847	515	170	101	767	2287
900	1106	180	218	1122	1347	226	265	767	2288
201	997	38	190	401	1193	75	227	767	2295
201	31	38	6	338	221	64	43	767	2296
563	1369	111	254	711	1517	136	279	768	2294
777	1253	151	225	905	1383	175	249	768	2296
1	178	0	35	198	808	40	153	769	2299
498	16	98	3	803	455	164	92	769	2301
1007	190	206	34	1361	539	276	101	769	2302
498	1025	98	210	646	1212	133	251	769	6715
422	290	84	57	633	622	124	120	770	2305
1126	602	222	114	1532	1212	300	232	770	2306
1	1212	0	232	225	1405	44	270	771	2306
417	220	82	43	781	590	154	114	771	2309
1005	506	203	92	1170	704	233	127	771	2311
340	1319	68	250	520	1578	103	300	772	2320
637	1053	126	219	826	1242	163	256	772	2321
1236	1	246	0	1374	140	273	27	772	2323
1019	734	200	142	1319	1238	255	231	773	2313
1249	1	242	0	1541	254	300	50	773	2314
312	795	62	154	689	1437	136	280	773	2326
736	244	145	46	892	434	175	81	773	2328
1	254	0	50	150	403	33	83	774	2314
498	140	106	27	1349	1098	272	213	774	2316
314	166	68	33	455	343	98	71	774	5457
1077	335	221	70	1339	585	269	116	774	5903
13	78	2	15	223	659	44	124	775	2317
1207	773	236	148	1471	1071	283	198	775	2331
48	576	9	111	261	793	48	151	776	2332
769	229	157	45	929	718	189	141	776	2334
1345	541	267	109	1484	678	296	137	776	5124
49	652	9	123	269	853	55	163	777	2337
184	1041	37	200	705	1557	142	300	777	2337
727	10	148	2	914	221	182	39	777	2338
962	766	191	140	1127	1229	224	229	777	2338
1167	509	232	95	1478	944	294	182	777	2339
1040	503	204	97	1480	939	290	181	778	2335
289	780	58	148	830	1314	166	254	778	2340
13	609	2	116	298	1234	56	232	779	2336
260	728	50	137	768	1494	151	281	781	2348
828	1114	163	204	999	1304	199	244	781	2349
381	220	72	40	796	728	153	135	782	2351
979	1305	190	245	1268	1601	246	300	782	2351
1322	204	256	36	1542	799	299	148	782	2352
755	88	151	17	918	403	180	74	783	2354
1269	136	252	24	1486	453	292	83	783	2355
285	292	57	57	536	567	110	113	784	2356
882	530	179	99	1059	749	213	140	784	2358
1177	424	237	84	1510	1106	300	207	784	2359
468	1263	90	251	723	1517	139	300	785	2360
223	32	43	6	416	212	80	40	785	2360
908	1255	177	238	1062	1413	211	272	785	2361
1	356	0	67	389	1324	74	252	786	2363
559	768	107	140	771	945	148	174	786	2364
859	715	166	129	1097	1158	217	215	786	2365
1	263	0	48	313	604	61	109	787	2368
971	363	200	68	1181	652	243	121	787	2370
1021	915	207	172	1403	1353	283	257	788	468
479	1	96	0	1292	1564	260	300	788	2371
1	190	0	39	305	1061	63	205	789	2372
512	1256	106	242	853	1547	176	297	789	2384
1238	1340	254	251	1477	1600	299	300	789	2386
1136	543	232	105	1473	969	295	185	790	2216
148	666	30	128	365	1220	74	233	790	2387
417	1	84	0	589	262	119	46	790	2388
636	1145	128	222	757	1284	153	249	790	2388
804	41	162	7	964	191	197	38	790	2389
1126	26	230	5	1496	374	300	69	790	2390
387	1343	77	258	607	1569	119	300	791	2391
654	104	128	19	1051	1017	209	198	791	2392
1263	344	252	69	1504	663	300	129	792	2374
16	223	3	43	492	1130	96	200	792	2394
545	1	106	0	784	256	152	45	792	2395
748	1076	154	201	1004	1362	209	260	793	400
526	26	108	5	1124	699	231	140	793	2376
984	1252	205	244	1320	1534	272	300	793	2376
1040	1159	220	221	1216	1335	254	255	794	2380
840	296	177	63	1233	864	255	170	795	2373
329	74	73	12	660	399	140	75	795	2382
1297	923	269	168	1451	1199	300	221	795	2395
82	1	16	0	736	1597	154	296	796	2396
54	568	11	114	283	1095	58	212	797	2403
488	1090	99	202	873	1500	177	281	798	2411
920	88	186	16	1464	887	300	168	798	2412
47	1383	9	263	203	1539	35	289	799	2412
519	1085	106	200	663	1606	135	300	799	2414
424	380	86	67	1174	1149	230	207	799	2415
1354	158	265	31	1529	357	300	69	799	2416
1	357	0	69	300	885	61	170	800	2416
453	21	95	4	650	309	138	63	800	2417
891	119	187	22	1292	756	271	141	800	2419
48	164	9	30	764	1320	156	258	801	2420
826	741	169	141	1054	1067	210	195	801	2422
248	461	54	87	418	761	91	146	802	2427
984	972	203	186	1255	1589	258	300	802	2429
707	54	148	11	937	251	194	51	802	2429
1204	686	262	134	1376	1218	297	238	803	2428
190	438	42	86	590	1244	132	251	803	2431
637	344	141	67	1065	1140	233	216	803	2432
44	1146	8	217	309	1471	62	278	804	2427
905	1077	181	203	1432	1591	289	300	804	2434
11	181	2	33	975	1420	197	254	805	2435
20	52	4	11	337	529	64	95	806	2437
1243	924	244	173	1392	1228	274	233	806	2439
252	118	50	23	502	676	102	127	807	2441
102	1245	22	239	345	1483	73	287	808	2442
118	113	26	22	463	620	97	118	808	2443
444	1015	94	197	753	1557	157	300	808	2443
753	1	157	0	965	295	202	57	808	2444
1025	847	215	163	1156	978	241	189	808	2444
1213	103	253	19	1419	320	298	62	808	2445
533	498	112	92	830	1055	172	200	809	2447
1228	295	254	56	1459	531	300	103	809	2450
1188	1373	237	267	1354	1533	271	300	810	2448
1	531	0	103	160	725	31	140	810	2450
187	758	37	143	375	989	75	187	810	2451
353	59	71	12	969	928	194	182	810	2452
808	297	157	58	1040	558	207	112	811	1091
378	220	74	43	572	422	113	82	811	2456
788	761	153	152	1022	1024	204	207	811	2457
802	1111	156	223	993	1292	196	261	811	5369
138	533	28	106	516	1153	109	225	812	2460
548	812	115	151	871	1283	183	245	812	2461
370	103	72	20	588	346	118	67	813	2466
630	135	126	26	858	816	172	154	813	2468
973	1	194	0	1270	583	259	115	813	2469
322	913	68	178	825	1517	165	300	814	2470
624	1	129	0	775	241	163	54	815	964
53	1126	10	210	339	1443	72	272	815	2475
529	886	110	173	946	1283	200	257	815	4191
554	193	114	38	906	562	192	116	815	7649
1	681	0	123	313	966	58	175	816	2479
487	58	90	12	1013	1293	193	247	816	2480
953	807	193	146	1506	1568	299	288	817	2484
1264	249	255	49	1506	418	299	80	817	4491
608	999	119	185	786	1166	152	216	818	2488
1183	113	234	23	1503	671	300	129	818	2491
196	612	42	115	523	1491	103	275	819	2492
591	707	129	138	727	1098	157	214	820	2493
957	24	207	5	1244	702	268	132	820	2498
46	839	10	153	310	1540	61	281	821	2500
489	926	98	181	714	1436	146	279	821	2501
1077	513	219	98	1419	1472	294	284	821	2504
300	943	63	179	726	1385	144	260	822	2506
1404	612	278	111	1514	722	300	133	822	2509
283	138	63	28	816	1626	167	299	824	2517
1165	417	249	80	1410	663	300	131	824	2520
1	663	0	131	582	1339	112	259	825	2520
676	1013	133	187	879	1210	175	226	825	2521
1080	592	219	112	1476	1024	298	197	825	2522
756	770	153	147	1210	1269	242	246	826	1072
317	280	67	59	575	605	118	121	826	2524
732	39	149	7	1548	860	300	159	826	7288
1	860	0	159	731	1593	140	300	827	7288
731	1	140	0	1580	844	300	158	827	7289
234	649	46	121	482	914	93	170	828	2525
689	227	136	43	1484	925	293	178	828	2527
214	669	43	131	429	1039	89	206	829	2528
990	1154	198	218	1182	1557	236	297	829	2529
640	1393	133	253	910	1658	182	300	829	2530
89	194	18	36	297	415	58	74	830	2533
450	998	89	183	966	1597	193	300	830	2533
966	1	193	0	1481	662	298	128	830	2534
30	1221	6	233	252	1602	46	299	831	2534
398	823	76	162	1021	1521	201	300	831	2535
1021	1	201	0	1530	502	300	97	831	2536
1	502	0	97	739	1206	153	243	832	2536
896	430	184	83	1365	1037	281	199	832	2537
1	260	0	46	282	836	58	148	833	2538
437	1	90	0	969	684	192	126	833	2541
269	1225	54	228	769	1607	149	298	834	2541
269	1085	54	204	432	1263	86	239	834	2543
1101	1375	213	260	1310	1600	253	300	834	2543
1285	221	248	40	1492	433	289	81	834	2544
1	1198	0	223	374	1615	70	299	835	2544
421	713	79	131	858	1640	164	300	835	2545
858	1	164	0	1025	250	199	46	835	2546
1057	895	205	177	1343	1244	263	244	835	2546
382	1130	77	209	640	1478	129	277	836	2549
1006	691	208	134	1437	1341	295	263	836	2551
20	554	4	105	629	1546	127	295	837	2552
576	158	121	32	768	572	160	112	838	2550
75	256	16	50	234	556	51	110	838	2556
1036	157	217	31	1448	569	300	114	838	2558
1017	555	213	110	1410	1025	292	205	838	2560
1128	530	237	109	1410	772	292	156	838	2610
1046	669	220	136	1433	1043	297	212	838	5068
1056	562	222	115	1433	1021	297	208	838	5832
1039	61	218	11	1433	530	297	103	838	5974
1	569	0	114	985	1549	186	300	839	2558
432	762	79	154	1155	1309	224	259	839	2560
1	41	0	8	236	489	52	92	840	2562
295	1037	65	202	469	1354	102	267	840	2562
522	470	112	94	1490	1528	300	300	840	2564
522	371	112	73	1490	1431	300	279	840	4428
522	1037	112	201	1023	1540	210	300	840	4429
1023	1	210	0	1490	548	300	105	840	4430
531	613	114	126	978	1025	201	209	840	5832
522	156	112	31	981	537	202	105	840	5974
1	1	0	0	660	670	137	137	841	2565
90	1	20	0	644	551	132	111	841	4429
1	548	0	105	644	1186	132	236	841	4430
173	580	38	114	374	787	78	155	841	5974
1	774	0	142	376	1495	75	277	842	2567
572	596	114	107	1147	1386	227	256	842	2568
1209	218	241	39	1492	655	294	119	842	2569
497	427	101	82	970	1177	196	223	843	2572
1017	585	205	109	1464	1260	299	243	843	2573
160	312	32	59	960	1284	198	246	844	2575
1139	719	234	138	1462	1116	300	215	844	2576
927	600	188	120	1173	1062	239	214	845	2578
183	490	41	95	936	1515	190	293	845	2581
486	1067	104	201	907	1630	182	299	846	2582
954	65	191	12	1474	819	300	160	846	2583
159	29	33	5	1150	1308	237	258	847	2584
533	1102	106	218	895	1475	184	293	848	2585
16	600	3	120	486	1413	97	276	848	2589
1046	959	218	189	1427	1474	300	298	848	2590
1057	124	220	24	1243	306	260	63	848	4349
879	1	182	0	1140	287	235	55	849	2590
16	1	2	0	148	145	29	28	849	2591
1187	1064	244	201	1493	1364	300	256	849	2592
327	25	68	4	725	896	149	167	849	2592
221	1	44	0	525	337	108	69	850	2593
572	271	117	54	1511	1194	300	229	850	2596
528	943	118	180	749	1416	165	275	851	2598
1125	631	248	119	1290	800	282	152	851	2602
1	49	0	10	1451	1499	291	300	852	6095
309	528	63	98	1040	1422	211	271	853	2603
1	41	0	9	249	329	49	66	853	6096
336	6	70	1	1074	1309	217	256	854	2607
1188	1077	239	208	1389	1296	282	254	854	2608
263	531	56	103	522	802	102	149	854	3085
653	287	129	58	1034	735	209	148	854	3087
1191	166	240	30	1383	334	281	64	854	7067
657	1359	130	276	775	1479	154	300	854	7621
426	249	87	51	668	531	134	106	855	2558
345	656	70	132	668	1025	134	205	855	2560
58	161	11	33	864	967	175	196	855	2610
1242	1104	258	210	1440	1437	300	280	855	2613
345	746	70	153	730	1177	147	237	855	5068
101	332	19	66	759	1469	153	299	855	5832
101	523	19	101	348	854	65	161	856	2614
942	183	180	35	1247	983	245	196	856	2617
1294	315	254	58	1519	701	298	130	856	2618
1	1277	0	257	168	1444	34	291	858	2628
640	252	143	48	860	578	191	112	858	2630
892	1203	197	234	1134	1458	249	286	858	2630
1	609	0	123	147	755	28	151	859	2634
412	667	86	121	1214	1480	249	274	859	2635
298	64	58	12	793	573	162	112	860	2639
840	666	171	127	1196	1446	246	277	860	2640
508	303	103	58	793	596	162	116	860	7527
817	1007	169	196	1374	1535	274	287	861	2643
1147	207	228	36	1391	828	277	148	861	2644
986	1182	206	220	1171	1511	244	282	862	2365
330	202	68	41	819	1097	172	213	862	2648
55	97	10	19	993	1567	198	300	863	2366
1096	995	219	189	1376	1551	281	300	863	2369
524	766	107	143	933	1253	178	227	864	2370
249	1	54	0	501	373	109	74	865	2386
902	331	190	60	1048	513	221	97	865	2388
1035	1072	207	204	1207	1545	241	300	866	2393
548	1169	104	220	773	1394	145	261	867	2375
829	111	157	22	1113	347	217	70	867	2379
1039	940	207	183	1275	1483	256	287	868	2397
1260	116	254	20	1427	457	287	83	868	2398
1	834	0	153	276	1316	60	251	869	2398
420	379	90	75	995	976	202	187	869	2399
1	848	0	154	460	1604	93	300	870	2400
460	1	93	0	1021	1247	203	231	870	2401
1068	358	212	69	1521	916	298	180	870	2402
1207	795	246	151	1362	955	275	180	871	2404
613	273	123	54	927	616	187	121	871	2410
860	97	169	17	1332	658	256	118	872	2406
508	583	102	113	636	712	125	136	873	2409
1304	234	264	45	1473	398	300	80	873	2413
1	398	0	80	150	904	29	173	874	2413
815	112	168	21	1448	1280	293	251	874	2418
998	1167	203	239	1166	1343	237	275	874	7622
13	785	2	145	1120	1461	222	273	875	2419
192	526	37	99	1021	1604	194	300	876	2421
1139	1221	215	222	1419	1604	267	292	876	2422
239	1059	49	196	783	1590	159	298	877	2424
946	1105	193	209	1167	1326	237	251	877	2426
1218	856	247	163	1365	1128	278	214	877	2427
593	749	116	147	830	968	160	185	878	2429
1304	142	252	28	1525	367	300	76	878	2430
343	942	67	188	605	1219	120	243	879	1818
1	367	0	76	633	854	125	170	879	2430
705	1	140	0	933	326	188	64	879	2432
343	742	67	145	923	938	185	184	879	5679
162	687	34	128	299	837	61	155	880	2424
339	451	69	89	676	971	135	184	880	2434
1316	653	260	117	1516	928	297	165	880	2437
182	94	35	16	452	756	87	143	881	2438
581	510	112	95	756	686	147	129	881	2439
1075	1270	210	246	1298	1569	252	300	881	2440
802	187	156	32	923	325	181	59	881	2440
1365	911	266	171	1530	1087	297	203	881	2441
121	5	25	1	496	1001	101	191	882	2442
428	764	88	147	916	1542	182	298	883	2445
324	1209	64	230	639	1588	126	300	884	2447
1232	785	246	154	1479	1139	295	223	884	2448
718	732	142	143	1008	1318	202	257	884	2449
120	382	24	77	277	546	55	109	884	2454
25	246	5	50	152	372	31	76	885	2449
542	867	112	170	850	1290	177	256	885	2454
922	842	192	159	1180	1100	235	202	885	2456
1333	966	264	181	1442	1075	289	206	885	2458
1	191	0	38	591	842	118	164	886	2459
746	700	150	141	950	1020	191	205	886	2462
419	207	80	38	839	641	161	116	887	2465
927	877	178	168	1437	1601	278	300	887	2466
749	317	149	64	886	462	173	89	888	885
1046	298	205	54	1452	804	285	152	888	2476
70	709	14	130	395	1083	77	200	889	2477
442	1015	86	195	753	1400	147	268	889	2478
957	416	186	69	1293	807	252	145	889	2481
146	1261	27	232	527	1474	98	267	890	2482
562	1423	105	273	732	1586	133	300	890	2483
923	322	169	57	1497	1601	277	289	890	2485
16	682	3	125	679	1580	129	289	891	2486
855	765	163	140	1083	1108	211	207	891	2487
6	546	1	102	227	781	43	144	892	2488
390	57	76	11	587	468	111	86	892	2489
1355	942	263	180	1541	1135	296	214	892	2490
1049	988	202	190	1320	1273	256	245	892	2491
1080	578	219	112	1269	1165	260	229	893	2494
475	524	98	100	614	663	127	129	894	2493
157	823	30	158	304	973	62	190	894	2496
856	770	174	146	1353	1373	266	255	894	2498
211	569	43	105	368	844	75	157	895	2499
415	245	84	45	656	736	128	132	895	2500
770	1	149	0	1021	499	199	97	895	2501
316	499	66	89	629	1017	132	187	896	2503
837	1	174	0	1039	165	213	30	896	2504
1073	615	219	118	1271	822	258	157	897	2295
1132	1	230	0	1261	130	255	25	897	5668
354	305	69	55	857	1241	165	227	898	2509
1007	473	196	85	1526	1384	300	256	898	2510
141	5	28	1	1062	1113	202	202	899	2511
941	97	177	17	1576	968	300	180	899	2512
362	1	69	0	1060	716	197	126	900	2513
352	300	69	54	591	824	117	149	901	2516
750	239	148	46	1109	869	216	164	901	2518
53	127	11	24	192	259	37	49	902	2520
624	810	122	150	1011	1556	190	285	902	2521
1055	1351	199	259	1170	1479	222	283	902	2522
1218	1287	231	240	1396	1580	269	300	902	2523
353	59	64	12	1316	1345	260	262	903	2526
58	215	11	42	341	650	71	127	904	2528
468	14	94	2	780	473	157	91	904	2529
820	584	165	104	1025	1067	205	193	904	2530
889	1145	179	208	1196	1618	239	300	906	2538
1196	1	239	0	1492	733	297	140	906	2539
388	788	78	144	923	1378	182	257	907	2541
1029	429	203	80	1388	729	274	136	907	2543
62	451	12	84	472	948	94	175	908	2544
1268	622	250	121	1471	821	294	162	908	2550
201	1359	41	266	349	1527	68	295	909	2551
20	504	4	97	154	658	32	128	909	2551
983	37	196	7	1556	988	299	172	909	2555
983	671	196	129	1248	876	241	165	909	7752
456	504	93	97	612	658	126	128	910	2551
1	982	0	171	175	1497	37	269	910	2555
877	263	179	47	1024	520	210	95	910	2557
161	144	33	26	487	534	101	101	912	2570
1042	140	205	28	1507	530	296	99	912	2573
326	1229	68	235	696	1575	138	300	913	2575
845	1	169	0	956	112	192	23	913	2577
1195	734	240	148	1354	892	274	181	913	2578
1003	1160	201	225	1148	1319	231	258	913	2580
386	1329	80	258	622	1559	123	300	913	5391
1	466	0	95	170	665	33	132	914	2580
235	993	46	195	731	1301	149	255	914	2583
769	1077	157	223	971	1273	200	265	914	2586
1045	125	216	27	1247	378	258	78	914	2589
1	419	0	83	543	904	108	177	915	2591
590	1244	117	245	714	1368	146	274	915	2593
691	1085	141	221	931	1472	190	300	915	2594
1201	767	247	146	1455	1234	300	238	915	2598
167	672	34	143	438	978	95	208	916	2600
378	559	83	119	752	1133	162	239	916	2601
799	78	171	15	911	190	192	36	916	2602
879	249	179	51	1121	531	226	106	917	2558
798	656	162	132	1121	1025	226	205	917	2560
164	1	34	0	465	310	94	60	917	2609
512	161	103	33	1317	967	267	196	917	2610
798	746	162	153	1183	1177	239	237	917	5068
555	332	111	66	1212	1469	245	299	917	5832
149	257	28	49	510	805	96	155	918	2616
808	1039	156	207	1088	1491	215	299	918	2617
196	554	36	109	515	1196	97	228	919	2620
814	1097	158	223	961	1256	187	253	919	2628
405	148	85	30	633	540	132	107	920	2631
809	755	168	153	1413	1519	288	300	920	2632
597	500	120	101	761	684	156	140	921	2637
812	901	166	180	1296	1455	270	299	921	2639
82	133	19	26	222	259	47	50	922	2641
417	993	83	191	697	1584	134	300	922	2642
134	774	25	142	315	1093	59	202	923	2647
363	1358	68	263	555	1550	100	295	923	2648
688	1179	127	224	1122	1351	212	257	923	2649
1370	1256	262	246	1563	1436	300	280	923	2653
95	1	20	0	227	133	46	26	924	2654
769	144	158	29	1293	679	263	135	924	2658
122	850	24	172	463	1200	93	242	925	2661
593	135	118	25	1497	1028	300	204	925	2666
1	1028	0	204	466	1480	99	300	926	2666
466	1	99	0	1436	973	300	201	926	2667
1	973	0	201	308	1279	61	262	927	2667
614	134	127	26	1516	1177	299	217	927	2669
8	1177	1	217	271	1455	57	274	928	2669
793	1237	167	242	941	1392	200	276	928	2671
1134	189	239	34	1433	755	300	153	928	2672
1	755	0	153	300	1036	55	204	929	2672
1348	1350	279	256	1453	1455	300	277	929	2676
99	758	23	147	725	1436	144	280	931	2710
859	1003	171	193	1071	1566	212	299	931	2711
254	794	55	151	567	1121	120	216	932	2681
614	816	129	159	774	1005	164	198	932	2682
921	738	195	147	1143	1185	242	239	932	2685
1190	374	251	74	1337	708	284	136	932	2686
437	133	92	24	836	996	181	189	933	2688
891	1314	191	242	1138	1584	240	294	933	2688
252	57	55	10	432	294	91	52	934	2691
738	500	159	99	862	673	185	132	934	2693
909	228	194	44	1330	682	284	135	934	2694
421	447	91	92	647	1075	138	221	935	2696
908	641	193	129	1409	1151	300	236	935	2698
1	1151	0	236	166	1316	40	275	936	2698
509	474	122	96	852	1468	198	290	936	2700
23	542	5	115	166	647	40	140	936	8048
94	152	21	28	685	1201	148	231	937	2703
829	978	178	195	1043	1435	222	289	937	2704
1090	14	231	2	1234	432	262	84	937	2705
1281	135	271	24	1390	244	292	45	937	2706
8	469	1	87	290	782	61	149	938	2706
459	116	96	24	616	273	128	56	938	2708
1083	1220	225	239	1386	1508	285	296	938	2714
77	914	15	189	360	1390	78	282	939	2715
403	885	86	177	553	1035	116	207	939	2716
653	976	137	201	1100	1497	226	300	939	2717
976	54	202	9	1295	394	266	76	939	2718
239	293	50	57	570	633	119	125	940	2722
1086	858	225	167	1303	1112	265	215	940	2726
1100	167	228	35	1308	442	266	86	940	4385
245	1013	50	203	533	1435	110	287	941	2728
868	329	180	55	1277	847	251	141	941	2730
34	1118	7	192	281	1426	55	248	942	2730
1078	1	221	0	1329	321	270	60	942	2734
748	170	157	36	1034	454	217	96	958	6215
546	992	115	204	687	1139	146	237	960	7760
760	1070	159	214	945	1255	191	246	977	2741
637	936	135	184	945	1526	191	299	977	3037
1145	220	234	36	1421	500	292	94	977	3118
814	299	168	62	1275	912	268	186	978	3041
1272	1	267	0	1428	285	300	56	978	3042
8	515	1	97	505	1574	101	300	978	3118
1	285	0	56	138	427	32	88	979	3042
184	1256	41	258	407	1482	86	300	979	3042
589	1	125	0	1376	925	300	183	979	3044
967	474	206	95	1153	690	246	137	980	3048
501	1221	113	245	789	1510	168	300	980	3049
1055	961	226	183	1402	1581	296	298	981	3053
25	5	5	1	397	636	78	118	982	3054
684	540	135	101	1043	1142	205	218	982	3057
96	315	20	61	260	701	56	131	983	3061
322	1	68	0	551	341	115	68	983	3062
699	1	137	0	1501	1292	289	240	984	3069
1320	1165	266	223	1435	1293	293	250	985	3076
1320	1127	266	235	1421	1228	288	257	985	5913
103	140	22	27	604	1231	126	236	986	3078
667	1235	141	235	981	1530	205	292	986	3079
1107	705	230	137	1433	1222	300	241	986	3081
1177	731	251	140	1407	957	300	186	987	2607
293	1110	64	214	443	1259	97	247	987	3082
965	700	209	143	1111	840	236	169	987	3086
1173	283	250	57	1407	527	300	108	987	3087
56	624	11	126	393	1227	80	244	988	3087
440	570	89	113	948	1079	190	214	988	3088
995	976	199	199	1496	1477	295	295	988	3089
309	1	68	0	744	614	157	123	989	3092
808	1	170	0	1295	506	273	105	989	3093
58	40	11	9	333	340	70	69	990	3095
333	103	70	18	937	1534	199	290	990	3096
897	891	191	177	1209	1211	257	242	990	3097
1	1123	0	216	166	1303	33	251	991	3098
153	1083	30	209	390	1435	78	283	991	3099
424	17	85	3	696	880	146	183	991	3100
730	174	153	32	1045	523	218	100	991	3108
95	871	19	169	241	1316	49	252	992	3102
380	346	80	68	942	1009	202	204	992	3105
1	216	0	42	264	650	56	126	993	3107
405	768	83	149	790	1264	161	243	993	3108
816	1149	167	222	1090	1424	221	276	993	3110
1167	541	238	104	1407	842	290	167	993	3111
281	1070	55	202	446	1267	90	241	994	3112
475	629	96	118	913	1529	190	288	994	3113
1122	351	232	69	1364	570	279	109	994	3116
35	1348	7	256	174	1501	35	287	995	1721
35	978	7	194	174	1127	35	224	995	3120
657	218	132	43	1497	1378	300	268	995	3122
119	1140	24	217	369	1566	77	300	996	3123
369	1	77	0	978	659	202	133	996	3124
1121	877	230	175	1474	1206	300	240	996	3127
3	1243	1	246	218	1487	46	297	997	3127
416	583	87	114	918	1087	199	225	997	3130
982	247	213	50	1412	677	300	137	997	3131
1	677	0	137	483	1176	108	242	998	3131
470	420	105	85	924	872	201	180	998	3132
970	210	211	42	1112	354	242	74	998	3134
1171	1257	255	248	1387	1443	300	284	998	8013
715	1175	153	230	1100	1520	232	300	999	3141
1164	598	246	126	1425	1245	298	249	999	3142
256	1	54	0	516	231	110	46	999	8014
133	157	29	32	563	814	123	158	1000	3144
797	311	168	63	1315	722	275	143	1000	3145
43	817	8	159	219	1135	41	220	1001	3146
365	1187	71	227	534	1377	109	269	1001	3147
763	610	156	118	1093	1231	228	246	1001	3148
1288	1015	267	204	1442	1170	300	237	1001	3150
1	1170	0	237	180	1448	42	293	1002	3150
227	274	51	53	483	867	104	174	1002	3151
1137	450	245	93	1293	606	278	126	1002	3157
105	1027	19	189	273	1195	52	221	1003	3158
467	850	92	175	804	1317	162	268	1003	3159
952	600	194	123	1463	1176	298	230	1003	3162
105	648	19	137	255	796	47	165	1003	8014
160	1061	33	193	343	1429	73	266	1004	3163
595	606	125	123	795	970	168	195	1004	3165
842	626	177	125	1021	864	214	171	1004	3166
1204	819	250	164	1408	1426	296	285	1004	3168
114	758	23	155	339	1372	72	272	1005	3169
494	379	104	76	788	787	165	154	1005	3170
585	613	128	125	1031	1260	226	256	1006	3175
1201	14	262	2	1379	204	300	41	1006	3177
88	17	20	3	578	779	123	152	1007	3178
625	156	132	27	1290	1512	275	300	1007	3179
845	425	176	87	1297	1298	276	257	1008	3187
472	1158	100	217	712	1592	148	299	1008	3195
82	103	17	21	563	896	117	173	1009	3190
610	1031	126	195	997	1490	210	288	1009	3191
982	346	207	68	1151	525	242	103	1009	3192
660	812	134	154	891	1321	179	246	1010	3196
695	552	145	108	891	857	189	171	1011	3186
925	565	196	106	1177	871	249	169	1011	3198
1	266	0	52	130	427	26	84	1012	3200
709	933	141	174	982	1248	196	234	1012	3202
159	77	32	15	511	405	102	78	1013	3206
557	309	111	56	773	944	154	174	1013	3207
788	594	157	110	1349	1198	274	229	1013	3208
117	619	26	123	446	930	94	184	1014	3209
451	1	95	0	693	245	143	47	1014	3210
1162	1182	239	223	1403	1571	289	297	1014	3212
973	65	201	10	1095	181	224	32	1014	3212
368	177	78	32	639	402	133	75	1015	3214
738	1	154	0	1050	541	215	95	1015	3215
127	668	26	131	479	1087	91	206	1016	1468
117	1122	24	218	443	1506	84	287	1016	1844
1	780	0	153	439	1464	83	286	1016	3217
986	289	196	51	1271	792	256	152	1016	3219
472	566	100	107	731	1121	154	222	1017	3223
806	631	172	122	1419	1244	300	250	1018	3229
806	214	172	44	1419	665	300	134	1018	4873
1034	557	220	119	1419	1089	300	226	1018	7174
1161	15	246	2	1419	404	300	79	1018	7992
229	610	48	111	666	1211	140	231	1019	3232
1275	19	272	3	1432	176	300	31	1019	3236
74	492	16	93	391	836	86	166	1020	3236
368	161	80	31	573	392	125	77	1020	3237
706	25	152	4	1215	905	260	177	1020	3239
1084	1142	234	223	1346	1391	287	273	1021	3246
660	584	131	113	840	913	170	174	1022	3248
874	1334	177	261	1080	1541	218	300	1022	3248
1267	100	253	16	1490	334	299	60	1022	3250
260	1399	52	260	416	1623	84	299	1023	3250
44	386	8	70	223	830	45	153	1023	3250
463	829	93	155	895	1392	172	254	1023	3251
923	861	177	164	1357	1458	268	281	1023	3252
169	720	33	139	742	1445	148	279	1024	3254
643	409	129	79	902	673	175	127	1024	3255
964	239	188	44	1385	954	268	181	1024	3256
55	428	13	80	641	1405	128	265	1025	3257
688	483	137	93	1078	942	219	179	1025	3258
76	1460	16	266	261	1625	53	298	1026	924
318	1004	65	194	629	1427	129	277	1026	925
944	1	191	0	1318	415	269	83	1026	2653
1362	786	277	150	1478	902	300	173	1026	2654
1166	386	242	69	1395	661	286	120	1027	2650
1	902	0	173	233	1134	48	221	1027	2654
549	789	114	153	679	919	140	179	1027	2656
427	236	90	47	556	370	117	74	1028	2671
410	385	86	72	1169	1429	240	281	1029	2679
1095	103	225	21	1377	475	285	99	1029	2680
439	1242	92	236	652	1462	133	277	1030	2677
1068	409	215	85	1187	536	242	112	1030	2678
20	740	4	149	274	1320	56	262	1030	2680
511	956	103	183	881	1311	180	252	1031	2709
928	313	189	59	1242	577	251	112	1031	2710
346	854	70	171	874	1444	175	288	1032	2683
739	44	150	8	918	252	184	46	1032	2684
477	1200	101	242	649	1501	136	300	1033	2685
188	168	39	32	313	301	66	59	1033	2686
850	329	178	64	1033	776	216	148	1033	2687
1067	542	223	100	1242	877	260	166	1033	2688
458	630	97	124	638	871	133	169	1033	3102
143	49	29	9	661	1323	140	269	1034	2690
720	937	152	166	1057	1527	226	287	1034	2691
1104	81	235	15	1403	415	297	82	1034	2693
30	813	6	157	308	1397	62	271	1035	2693
348	1080	70	215	508	1228	103	245	1035	2694
1013	1320	208	267	1138	1454	236	296	1035	2697
16	62	3	12	223	269	48	56	1036	2702
468	1060	98	212	691	1306	146	262	1036	2704
1233	720	258	148	1422	898	299	187	1036	2708
73	122	14	25	514	583	104	120	1037	2708
719	399	144	74	864	544	172	102	1037	2709
911	1021	181	208	1256	1455	257	300	1037	2713
1307	17	267	3	1451	181	298	37	1037	2714
50	773	9	155	195	926	38	186	1037	5829
609	277	130	53	976	620	205	125	1038	2717
1256	1458	258	278	1394	1596	280	300	1038	2718
109	1002	22	193	434	1499	93	287	1039	2705
732	148	156	28	1005	782	215	154	1039	2721
740	1290	158	260	890	1460	191	297	1039	7367
30	423	6	80	276	842	57	164	1040	2726
446	625	90	113	614	1122	125	208	1040	2731
834	307	166	61	1142	1266	224	240	1040	2732
439	1	92	0	567	130	119	27	1042	6413
505	1135	105	235	689	1314	137	266	1048	7085
203	63	42	13	339	234	71	48	1049	6163
1221	918	255	181	1368	1058	287	212	1049	6695
361	367	73	71	509	515	103	101	1052	6981
454	33	92	7	1356	946	256	175	1056	7293
761	1163	147	230	1078	1481	217	297	1069	3038
1158	1	234	0	1300	166	265	36	1069	3040
1	950	0	182	208	1173	37	222	1069	3118
423	163	78	29	600	359	115	69	1069	3119
1364	573	278	116	1478	687	300	138	1069	8012
298	847	64	170	679	1434	148	292	1070	3043
895	1040	195	209	1039	1183	225	238	1070	3049
1358	14	257	2	1560	231	300	45	1071	3059
58	376	12	71	569	1264	123	239	1072	3059
829	1016	177	194	1178	1481	247	282	1072	3061
8	1089	1	210	198	1426	41	276	1073	3062
241	199	49	39	449	605	94	122	1073	3063
478	1116	100	223	589	1242	125	250	1073	3063
976	724	199	132	1129	886	225	158	1073	3066
644	634	124	126	817	949	160	187	1074	3075
1373	858	273	165	1505	1315	300	252	1074	3080
210	926	45	186	465	1450	98	286	1075	3084
1253	215	258	41	1463	425	300	83	1075	3099
1	425	0	83	724	1358	143	268	1076	3099
901	494	181	96	1042	635	210	124	1076	3101
1098	294	221	55	1464	719	300	141	1076	3102
390	1396	77	266	560	1566	111	300	1077	3102
695	728	140	145	970	1235	195	241	1077	3103
1002	184	201	36	1445	839	290	161	1077	3104
1	876	0	168	614	1397	126	266	1078	3104
633	117	130	21	876	340	181	67	1078	3105
1220	688	252	133	1405	1094	291	213	1078	3107
212	259	42	51	405	522	80	99	1079	3109
1275	1383	249	270	1412	1520	276	297	1079	3115
1	173	0	34	279	831	56	160	1080	3116
326	434	65	82	536	673	108	129	1080	3117
583	171	117	30	741	431	149	81	1080	3121
945	607	192	115	1089	779	219	146	1080	3123
728	1179	149	231	860	1307	176	257	1081	3129
929	1163	191	239	1206	1440	252	300	1081	3131
1206	1	252	0	1321	115	278	26	1081	3132
134	1040	29	202	633	1509	133	300	1082	3135
633	1	133	0	944	312	197	64	1082	3136
1013	409	213	76	1358	1008	279	190	1082	3137
1	994	0	189	219	1244	44	237	1083	3138
747	1043	152	202	888	1196	182	235	1083	3141
939	86	192	17	1104	257	228	53	1083	3143
738	1393	154	270	867	1515	180	295	1084	3146
1052	448	216	86	1296	773	264	145	1084	3147
1330	1	271	0	1455	228	299	43	1084	3148
241	231	49	46	506	631	107	133	1084	8014
990	183	208	34	1419	851	296	166	1085	3155
66	77	13	15	252	273	52	53	1086	3156
246	731	50	151	379	865	78	179	1086	3157
438	1269	92	247	631	1503	132	294	1086	3160
892	1294	187	250	1075	1484	219	282	1086	3162
1088	520	221	91	1453	887	292	160	1086	3163
447	12	91	2	948	600	190	122	1087	3165
1093	854	218	169	1252	1082	251	214	1087	3167
244	1134	50	218	567	1546	118	300	1088	3170
35	144	7	29	209	327	43	65	1088	3170
1114	153	233	32	1448	888	300	176	1088	3173
290	589	59	111	453	1140	93	219	1089	3177
907	761	192	145	1257	1140	261	214	1089	3195
721	613	144	114	849	751	174	145	1090	3183
131	455	29	89	345	676	69	129	1091	3200
754	942	146	168	900	1082	173	194	1091	3203
950	900	185	176	1113	1056	216	206	1091	3204
1	1374	0	260	233	1571	46	298	1092	3208
285	458	56	93	511	1027	102	202	1092	3209
559	684	111	138	948	1464	189	289	1092	3210
859	143	171	29	1425	1206	285	233	1092	3211
120	780	27	149	412	1407	86	267	1093	3216
777	202	160	38	1051	695	219	137	1093	3220
1085	738	226	147	1402	1460	292	286	1093	3221
336	1163	72	230	526	1385	111	274	1094	3220
720	604	152	123	908	1122	192	224	1094	3224
955	1168	201	243	1126	1387	236	284	1094	3225
1182	1317	244	250	1356	1467	280	280	1095	3232
68	86	14	16	425	558	86	104	1096	3233
708	403	144	73	993	796	203	148	1096	3235
1146	1049	233	209	1337	1243	274	249	1096	3236
1150	767	234	158	1324	957	272	198	1096	3402
346	1006	73	196	628	1390	136	279	1097	3239
715	1314	154	238	928	1588	198	296	1097	3241
889	37	190	8	1178	339	252	68	1097	3243
1212	858	259	171	1369	1320	294	261	1097	3243
137	587	30	111	317	821	64	157	1098	3245
376	497	77	102	480	601	99	124	1098	3246
893	991	178	184	1182	1356	233	251	1098	3250
531	599	109	118	762	798	153	155	1098	8015
211	1162	41	217	433	1481	82	274	1099	3255
480	75	91	14	725	416	141	81	1099	3258
977	70	192	14	1513	394	299	78	1099	3259
685	497	141	94	918	733	191	144	1100	3260
1084	296	226	58	1295	524	270	104	1100	3261
1258	1315	262	261	1443	1481	300	296	1100	3261
183	29	35	6	522	456	102	86	1100	3448
330	683	63	132	458	810	89	157	1101	3262
531	1	105	0	985	582	203	120	1101	3263
18	110	4	22	156	248	34	52	1102	3266
435	265	95	55	725	588	153	116	1102	3269
1104	101	237	20	1391	951	295	185	1102	3273
28	1	6	0	156	137	34	29	1102	3356
130	566	30	108	399	1261	87	242	1103	3274
562	494	120	100	841	1045	182	210	1103	3276
888	137	191	28	1216	550	265	112	1103	3278
72	997	15	199	232	1494	49	298	1104	3279
441	1347	93	267	602	1486	130	300	1104	3281
823	384	176	79	1339	1262	286	253	1104	3283
1	520	0	104	305	955	66	191	1105	3284
352	485	75	95	591	774	128	153	1105	3285
638	600	137	114	813	904	176	173	1105	3286
1038	132	221	25	1422	524	300	103	1106	3293
1256	595	267	118	1422	800	300	159	1106	6288
1	524	0	103	212	1052	42	197	1107	3293
273	299	56	55	490	522	98	96	1107	3295
958	1	197	0	1425	443	292	89	1107	3298
919	1	190	0	1257	336	258	68	1107	6988
16	576	3	112	531	1211	109	232	1108	3298
860	493	179	94	1157	836	243	161	1108	3300
270	837	54	162	687	1339	140	261	1109	3302
977	49	202	9	1109	196	233	42	1109	3304
20	717	4	146	384	1413	82	284	1110	3305
413	797	88	166	726	1290	153	261	1110	3308
887	94	185	17	1145	436	240	86	1110	3310
73	334	15	67	526	1023	103	196	1111	3312
553	46	109	11	729	319	148	66	1111	3313
891	395	180	77	1102	794	226	156	1111	3314
1164	183	240	36	1372	569	285	113	1111	3315
293	985	61	207	688	1460	146	300	1112	3318
866	876	181	172	1007	1183	213	236	1112	3319
688	1	146	0	819	138	172	27	1112	3319
1047	50	221	8	1344	440	286	86	1112	3320
145	199	30	41	281	335	57	68	1113	3322
1033	686	218	138	1365	968	292	200	1113	3333
30	564	6	115	440	1328	94	269	1114	3334
715	302	152	59	899	583	193	115	1114	3335
1083	1210	232	246	1225	1360	264	279	1114	3336
137	176	28	36	403	696	87	142	1115	3339
593	1213	132	236	833	1505	186	300	1115	3340
942	1078	212	216	1182	1491	263	299	1115	3341
1229	57	272	11	1371	199	300	39	1115	3342
63	1094	14	219	281	1346	61	270	1116	3343
309	1017	66	199	700	1365	149	272	1116	3344
1	315	0	60	388	1152	85	228	1117	3350
824	776	179	160	1060	1275	231	254	1117	3351
1247	336	269	70	1390	487	298	99	1118	3359
480	1033	106	211	647	1215	141	247	1118	3365
694	212	150	42	1201	1311	260	261	1118	3366
688	792	143	154	962	1138	203	225	1119	3367
25	319	5	63	228	517	46	103	1119	3367
212	19	42	4	704	734	147	150	1119	3368
1	717	0	143	562	1406	118	281	1120	3361
914	432	188	86	1184	1048	242	205	1120	3370
1192	410	253	78	1364	580	290	113	1121	103
291	867	62	167	535	1112	109	213	1121	3373
727	557	150	112	900	738	191	151	1121	3375
1192	1153	253	234	1412	1350	300	275	1121	3376
1192	524	253	102	1337	684	284	134	1121	4180
101	526	22	110	421	1432	90	300	1122	3377
421	1	90	0	777	345	168	74	1122	3378
1121	1136	243	237	1336	1368	290	286	1122	3379
147	297	29	60	308	477	63	97	1123	3375
571	1339	120	278	673	1441	142	300	1123	3383
673	1	142	0	1399	856	295	172	1123	3384
1062	1216	220	237	1357	1511	283	300	1124	3385
412	213	85	38	1127	1033	235	203	1124	3385
1	79	0	17	481	580	98	116	1125	3386
927	295	193	59	1388	901	299	186	1125	3391
15	499	3	100	221	671	49	139	1126	3392
332	17	72	4	883	1269	189	249	1126	3398
66	393	14	81	209	536	46	113	1127	3402
271	1027	60	216	421	1206	93	251	1127	3404
468	407	102	81	622	586	134	115	1127	3405
669	418	143	85	1119	1483	236	296	1127	3407
1304	1123	277	221	1420	1247	300	245	1127	3408
468	1049	102	196	605	1408	129	267	1127	7289
524	259	107	50	1016	1345	209	271	1128	3413
1152	915	240	180	1427	1316	300	265	1128	3416
542	935	117	185	739	1145	161	230	1129	3411
129	1	28	0	592	815	128	168	1129	3417
878	523	189	105	1383	1373	300	287	1129	3418
1246	15	268	3	1383	155	300	36	1129	3419
429	44	94	8	609	253	133	51	1130	3422
655	767	142	151	886	1360	192	266	1130	3422
791	40	171	7	1025	434	222	83	1130	3423
1216	141	260	28	1416	451	300	86	1130	3424
236	1036	49	200	574	1487	115	285	1131	3423
1	451	0	86	321	967	65	183	1131	3424
242	1	51	0	563	422	111	75	1131	3425
628	125	126	25	914	642	186	126	1131	3426
842	96	171	17	1443	1193	296	227	1131	3427
775	577	164	118	1167	1070	252	217	1132	3334
334	768	73	154	625	1076	133	217	1132	3429
772	1395	163	277	904	1503	191	300	1132	3430
904	1	191	0	1380	902	294	175	1132	3431
149	533	32	114	287	689	64	147	1133	3433
506	1095	107	217	748	1357	161	271	1133	3435
798	233	171	46	1270	1051	270	210	1133	3436
321	495	71	95	838	1022	178	203	1134	3435
148	696	33	137	421	955	87	188	1135	3439
468	385	96	77	786	1326	165	266	1135	3443
813	522	171	102	1220	1527	255	295	1135	3444
1116	236	233	44	1404	551	296	112	1135	3445
25	880	5	180	163	1019	34	209	1136	3445
227	820	48	172	360	953	77	201	1136	3446
534	865	117	168	742	1108	162	216	1136	3447
1117	1278	240	249	1340	1504	283	293	1136	3452
534	535	117	109	679	741	145	150	1136	4649
1	169	0	33	473	1169	98	226	1137	3453
1284	953	258	191	1475	1210	300	243	1137	3454
469	963	97	188	566	1060	118	209	1137	3458
469	79	97	14	1135	1088	229	200	1137	3459
70	1327	15	252	188	1445	38	275	1138	3455
510	1025	104	192	1065	1586	212	300	1138	3460
134	391	27	70	376	648	72	117	1139	3462
361	1041	69	194	589	1370	113	256	1139	3462
518	40	100	8	1083	1167	217	225	1139	3463
1187	620	236	117	1516	924	300	174	1139	3465
170	1021	36	191	737	1568	143	295	1140	3466
1120	1	228	0	1473	354	299	71	1140	3468
166	299	36	56	1003	1576	205	300	1141	3470
1003	1	205	0	1267	297	254	55	1141	3471
281	1134	58	216	432	1343	88	255	1142	3475
644	710	138	142	1130	1434	234	281	1142	3477
325	202	62	40	590	830	115	169	1143	3480
652	1	128	0	825	661	165	123	1143	3481
1056	158	210	27	1242	392	248	72	1143	3482
175	1333	35	252	422	1550	88	300	1144	3483
972	433	203	87	1372	1110	292	227	1144	3489
606	1273	121	242	990	1566	197	300	1145	3908
1336	1	269	0	1490	156	299	29	1146	3589
407	170	84	34	1174	1551	235	297	1146	3913
206	373	44	69	465	735	100	142	1147	3916
704	24	149	4	986	316	210	66	1147	3917
871	426	179	87	1124	759	235	156	1148	8043
1309	1	277	0	1421	107	300	21	1148	8044
776	424	165	82	953	601	204	119	1149	243
780	986	166	196	938	1138	199	228	1149	485
773	934	164	189	1244	1199	266	243	1149	8017
1085	465	232	93	1414	1155	300	236	1149	8018
65	329	14	65	382	748	81	148	1149	8044
677	279	148	60	1142	897	248	183	1150	8017
228	36	49	8	630	797	139	168	1150	8019
749	656	156	129	1073	1080	230	217	1151	3654
636	577	134	121	1073	1221	230	252	1151	8020
1119	878	239	177	1326	1100	285	224	1151	8021
386	39	82	7	590	515	125	94	1151	8024
806	306	173	65	1191	1033	254	211	1152	8046
1	1064	0	213	175	1423	38	291	1153	8027
1221	799	260	165	1413	1349	300	280	1153	8031
672	109	138	21	992	435	209	91	1154	8048
167	1179	35	249	301	1417	64	300	1155	8035
301	1	64	0	912	575	197	114	1155	8036
670	518	142	111	842	1015	180	215	1156	8041
297	821	63	176	472	969	102	208	1156	8048
975	696	206	139	1414	1255	300	253	1156	8049
48	538	9	114	314	1474	64	299	1157	8050
376	259	78	53	1239	1395	256	279	1157	8051
1286	600	265	126	1468	862	300	174	1157	8052
977	1012	208	198	1302	1508	278	297	1158	3493
212	893	47	188	487	1155	102	238	1158	8053
104	27	22	5	224	153	50	33	1158	8053
35	86	7	18	235	286	48	59	1159	3495
1221	68	260	14	1394	238	296	48	1159	3504
30	514	6	105	342	862	76	176	1160	3504
1081	428	236	84	1335	1117	293	223	1160	3510
348	803	79	165	762	1353	170	270	1161	3513
168	1	37	0	291	119	65	27	1161	3513
924	1287	205	249	1197	1531	262	300	1161	3515
1	201	0	38	544	904	114	175	1162	3516
448	654	93	129	721	910	152	182	1162	3517
755	347	159	70	924	517	195	106	1162	3518
993	1	210	0	1354	740	290	142	1162	3519
159	850	33	167	604	1471	130	290	1163	3521
16	628	3	124	226	884	48	175	1164	3526
383	412	79	87	625	733	132	157	1164	3527
995	812	214	154	1415	1276	300	243	1164	3530
74	942	15	187	390	1490	83	299	1165	3531
313	24	66	5	602	400	128	77	1165	3532
836	704	181	136	1134	1015	248	206	1166	3540
265	128	57	24	881	1617	193	300	1167	3547
1111	770	244	156	1335	1073	291	214	1167	3550
453	1	100	0	859	204	190	41	1168	3557
924	31	205	6	1086	204	242	43	1168	3558
1133	1171	251	241	1267	1332	280	272	1168	3558
1	63	0	13	713	841	151	167	1169	3559
1035	894	220	172	1257	1279	267	250	1169	3562
106	1375	22	278	216	1485	44	300	1170	3563
378	455	80	88	507	588	108	117	1170	3566
779	523	166	105	1152	1074	248	215	1170	3568
1	797	0	163	500	1456	107	300	1171	3569
1	474	0	98	318	952	72	194	1172	3579
418	468	91	90	981	1555	209	300	1172	3580
981	1	209	0	1286	577	274	116	1172	3581
243	100	54	20	887	1127	197	230	1173	3585
680	369	151	75	1167	466	259	96	1173	5330
691	1050	140	215	840	1193	173	245	1174	3589
478	1	98	0	633	156	128	29	1174	3589
833	511	171	99	1061	759	214	146	1174	3590
76	1	15	0	366	904	78	173	1175	3594
399	361	85	73	556	505	120	105	1175	3595
623	334	135	63	971	780	213	156	1175	3597
1032	994	226	196	1284	1245	279	249	1175	3598
8	422	1	84	145	594	30	119	1175	7095
714	993	158	198	1035	1348	226	269	1177	3612
16	481	3	96	473	817	101	161	1178	3615
860	455	185	94	1326	1128	286	234	1178	3618
1	500	0	96	164	670	33	130	1179	3619
466	1198	96	237	681	1417	146	288	1179	3621
210	71	42	13	419	296	87	59	1179	3621
1	1143	0	235	164	1337	33	272	1179	3878
358	517	80	99	769	1538	166	300	1180	3626
1289	1386	277	273	1395	1492	300	296	1181	3634
258	897	54	184	599	1371	127	275	1182	3636
1030	5	223	1	1196	590	261	119	1182	3640
56	627	10	121	262	1253	58	245	1183	3642
411	158	89	32	959	1373	205	267	1183	3644
999	1367	213	269	1134	1506	241	298	1183	3645
178	613	36	118	329	995	69	193	1184	3647
508	1204	105	234	753	1466	157	288	1184	3649
908	1033	188	201	1035	1167	215	229	1184	3651
1155	998	238	200	1301	1300	270	260	1184	3654
854	637	186	121	1204	987	253	188	1185	3663
734	651	161	124	1162	1145	261	229	1186	3667
691	255	159	52	998	570	229	116	1187	3674
119	601	24	119	301	802	66	164	1188	3676
885	21	189	4	1141	306	245	64	1188	3680
798	74	172	14	1384	799	300	160	1189	3689
504	709	108	144	764	1014	167	207	1190	3694
811	785	176	159	1165	1335	250	263	1190	3696
929	14	201	3	1165	266	250	55	1190	3697
53	495	10	101	287	786	61	159	1191	3699
443	891	93	180	641	1253	138	253	1191	3702
586	71	125	13	943	852	200	157	1191	3703
1119	75	236	15	1428	630	300	125	1191	3704
68	287	14	56	657	575	143	115	1192	3707
562	893	120	179	1094	1460	232	295	1192	3708
34	1216	7	245	137	1325	29	267	1193	3710
396	1	85	0	891	853	192	175	1193	3712
952	266	205	52	1380	1087	295	218	1193	3713
666	651	142	132	908	1080	192	213	1194	3571
13	572	2	110	520	1085	112	219	1194	3714
388	711	81	141	520	866	112	173	1194	3715
666	647	142	129	917	1150	194	229	1194	3717
97	996	20	204	329	1297	71	265	1195	3722
580	902	123	175	770	1088	164	213	1195	3725
205	1114	45	231	365	1475	80	294	1196	3733
635	1207	137	240	800	1372	170	273	1196	3735
718	783	160	150	952	1117	210	220	1197	3644
229	1118	49	212	379	1314	84	253	1197	3741
665	65	148	13	952	333	210	71	1197	3744
1128	498	248	96	1355	723	300	148	1197	3746
107	1019	24	213	283	1249	63	260	1198	3747
510	425	115	92	695	614	154	132	1198	3753
963	899	206	185	1194	1127	258	235	1198	3754
1259	246	273	49	1384	373	300	77	1198	3758
75	1099	17	231	257	1281	57	271	1199	3758
482	479	107	100	991	1477	214	297	1199	3761
611	284	134	58	1057	702	231	143	1199	3762
534	1019	119	210	808	1291	185	273	1200	3774
46	10	9	2	600	619	135	134	1200	3775
490	601	107	115	943	1409	208	273	1201	3784
990	247	217	49	1342	627	295	129	1201	3786
20	937	4	190	192	1111	42	228	1202	3786
363	1017	83	195	755	1522	163	291	1202	3787
1054	43	230	7	1382	481	300	95	1202	3789
112	1011	25	197	345	1488	77	293	1203	3789
434	1104	97	218	656	1321	147	263	1203	3790
467	5	103	1	658	242	146	46	1205	3817
789	936	175	190	1048	1307	232	263	1205	3819
1107	68	245	12	1358	411	299	82	1205	3821
61	505	13	102	468	1071	107	220	1206	3821
880	1	198	0	1077	258	244	56	1206	3824
1229	20	275	4	1357	148	300	29	1206	3826
555	1	113	0	1323	1024	265	197	1207	3827
690	77	140	15	1109	557	221	105	1207	3828
990	818	199	152	1500	1386	300	263	1207	3828
311	337	65	65	517	553	109	110	1208	3832
619	1	131	0	734	125	158	27	1208	3833
802	1	172	0	1256	576	272	107	1208	3834
20	82	4	16	207	293	45	59	1209	3837
489	760	105	156	584	1036	128	205	1210	3845
578	123	128	21	954	638	207	120	1211	3860
325	1209	71	238	579	1476	123	292	1212	3870
119	584	26	110	258	777	55	149	1214	3886
540	165	117	33	828	681	178	129	1214	3887
983	1473	208	274	1121	1611	234	300	1215	1107
1	1223	0	248	214	1464	47	300	1215	3889
214	1	47	0	541	332	111	65	1215	3890
869	1005	182	198	1108	1558	232	300	1215	3891
887	208	197	40	1281	1242	283	236	1217	3903
1	6	0	1	369	954	81	188	1218	3904
545	153	120	29	778	755	170	150	1218	3905
824	310	181	60	1386	1259	300	255	1218	3906
502	283	102	52	780	603	157	112	1219	3923
941	1263	189	250	1119	1487	228	293	1219	3926
281	260	61	46	920	1448	196	277	1220	3925
960	916	204	180	1083	1373	227	268	1220	3930
424	1252	89	239	590	1438	118	268	1221	3932
35	52	7	10	249	247	52	51	1221	3932
636	210	127	39	863	516	174	100	1221	3933
932	233	190	45	1432	693	299	139	1221	3934
325	554	66	103	618	1063	123	196	1222	3936
1034	492	206	92	1244	718	250	138	1223	1897
85	789	19	142	279	984	57	180	1223	3940
477	126	98	25	730	548	148	106	1223	3941
757	507	153	95	1411	1382	284	261	1223	3942
85	536	19	109	279	731	57	147	1223	5595
113	1160	26	205	329	1571	68	282	1224	3944
1327	973	266	205	1489	1136	300	239	1224	5979
865	1033	179	195	1302	1445	263	269	1225	3953
1255	1	253	0	1362	108	278	25	1225	3954
183	389	37	74	367	980	72	185	1226	3955
996	1111	207	209	1195	1327	246	251	1226	3958
609	1005	125	192	768	1185	155	227	1227	3961
1001	753	203	140	1174	1080	239	200	1227	3962
231	217	44	38	692	988	137	190	1228	3967
766	205	152	37	1001	726	202	138	1228	3968
159	26	34	5	364	316	77	61	1229	3971
522	510	107	93	842	1096	176	202	1229	3972
983	782	207	162	1264	1128	269	232	1229	3974
144	158	32	28	867	1345	179	261	1230	3976
988	835	205	159	1318	1381	271	264	1230	3977
55	1363	11	257	197	1519	42	290	1231	3978
533	1079	115	216	832	1387	177	276	1231	3981
1180	121	247	26	1417	381	298	81	1231	3984
222	1134	48	223	451	1363	94	269	1232	3985
287	27	61	5	698	469	147	88	1232	3987
942	950	197	176	1155	1167	243	222	1232	3990
1050	1221	215	235	1335	1572	272	300	1233	4000
864	116	180	23	1082	744	222	144	1233	4000
1335	1	272	0	1469	188	300	37	1233	4001
1	188	0	37	667	1616	129	300	1234	4001
1179	304	232	60	1321	517	260	99	1234	4005
196	1126	41	204	469	1585	94	290	1235	4008
609	891	125	169	991	1523	205	293	1235	4009
1184	329	244	63	1340	480	276	94	1235	4012
20	1328	4	253	181	1486	37	285	1236	4012
277	607	56	124	489	802	102	167	1237	3266
536	174	111	33	753	569	154	114	1237	3267
922	504	190	95	1099	773	227	146	1237	3268
1146	11	236	2	1341	212	278	44	1237	3269
95	1021	19	207	348	1267	75	262	1238	3270
518	1261	112	257	658	1401	141	286	1238	3271
794	844	169	174	1218	1491	255	300	1238	3272
61	679	12	137	306	1156	65	236	1239	3275
930	554	198	108	1375	978	295	195	1239	3281
285	778	62	146	388	918	87	177	1240	3282
1035	1371	225	267	1173	1523	256	299	1240	3284
34	702	6	139	282	982	58	194	1241	3288
38	760	7	155	282	971	58	198	1241	3289
317	1	66	0	595	625	127	123	1241	3290
789	963	169	190	999	1337	215	266	1241	3291
1101	149	237	28	1311	365	280	72	1241	6698
1	422	0	78	164	826	32	156	1242	3296
337	1243	69	238	514	1391	108	271	1242	3298
561	1354	117	264	667	1469	139	287	1242	3302
857	210	177	44	980	357	206	78	1242	3304
271	628	57	125	623	1027	128	203	1243	3310
764	546	159	114	1144	1438	237	289	1243	3313
348	225	73	44	1127	1486	237	300	1244	3316
578	645	123	128	863	1279	185	261	1245	3321
1011	578	216	114	1256	954	266	188	1245	3323
349	1260	71	252	587	1464	120	294	1246	3324
1	138	0	32	302	637	62	129	1246	3324
627	941	128	191	989	1423	203	288	1246	3325
1059	60	218	11	1255	337	261	69	1246	3326
1	384	0	85	117	516	25	113	1246	5796
164	1126	34	223	290	1253	60	249	1246	7797
42	932	8	188	486	1406	103	281	1247	3327
634	7	134	2	792	449	168	91	1247	3329
968	117	207	23	1333	757	288	152	1247	3330
1	956	0	193	355	1441	74	289	1248	3330
395	44	82	9	741	784	155	154	1248	3331
799	878	167	171	971	1066	202	208	1248	3332
1270	864	267	173	1435	1030	300	206	1248	3335
204	114	45	24	754	1080	160	220	1249	3337
844	1	178	0	1033	442	218	93	1249	3339
133	748	28	149	376	1042	80	208	1250	3342
410	537	87	104	902	1078	190	216	1250	3343
1262	289	265	57	1419	786	300	161	1250	3353
128	215	26	46	615	1235	130	257	1251	3354
673	201	142	44	894	638	189	135	1251	3355
1072	307	228	66	1240	482	264	103	1251	3356
191	860	41	184	281	950	63	206	1252	3357
604	572	134	117	888	1130	194	229	1252	3359
1073	718	232	146	1385	1327	300	272	1252	3368
554	190	116	36	1134	890	240	179	1253	3363
1181	1166	249	223	1384	1372	291	265	1253	3369
1	1239	0	239	134	1360	29	266	1254	3370
182	44	38	8	862	968	181	189	1254	3371
896	536	188	104	1400	1250	299	247	1254	3372
33	151	6	27	461	747	100	156	1255	3374
774	394	168	79	1072	800	234	164	1255	3380
1057	78	230	15	1315	298	284	61	1255	3382
1	28	0	7	620	892	133	187	1256	3383
669	1062	144	208	934	1362	201	271	1256	3386
1005	1	217	0	1216	465	257	89	1256	3387
293	21	65	4	526	248	113	50	1257	3390
565	103	121	20	915	519	196	105	1257	3392
905	708	193	143	1233	1459	266	300	1257	3394
10	1098	2	224	170	1264	36	259	1258	3396
217	601	45	120	457	841	98	172	1258	3397
442	739	94	143	693	1353	149	267	1258	3398
1065	1368	227	278	1174	1470	250	300	1258	3403
1222	64	259	12	1368	200	289	39	1258	3405
149	176	30	34	453	707	91	139	1259	3408
975	1303	204	261	1113	1460	236	294	1259	3412
1160	391	245	78	1338	561	283	113	1259	3418
355	566	75	114	510	736	107	148	1260	3429
1114	140	233	29	1218	244	255	51	1260	8016
673	31	138	5	1154	894	236	168	1261	3455
907	807	179	153	1139	1114	227	212	1262	3467
1286	1019	262	187	1434	1165	291	214	1263	3484
1	539	0	106	249	761	49	149	1263	8016
63	7	12	1	513	687	94	120	1264	3486
1307	13	259	2	1518	383	300	75	1264	3490
531	613	105	111	752	918	146	164	1265	3911
1337	1157	263	219	1445	1265	284	240	1265	3913
1	182	0	36	448	1218	89	238	1266	3914
635	1121	126	214	758	1249	152	240	1266	3915
902	505	182	102	1254	887	255	179	1266	3917
1208	421	246	77	1488	903	300	165	1266	3918
1070	482	215	93	1368	1096	278	211	1267	3492
390	707	79	136	657	1479	134	287	1267	3919
897	269	180	52	1109	737	223	148	1268	8018
60	138	12	27	709	1130	143	225	1268	8044
297	1191	60	239	591	1461	124	300	1269	8045
591	1	124	0	959	244	199	51	1269	8046
141	96	29	22	306	282	63	59	1270	8025
484	450	99	91	1137	1349	236	273	1270	8046
1101	188	229	41	1292	341	267	71	1270	8047
808	619	160	122	1023	869	209	179	1271	755
8	1197	1	241	269	1469	55	300	1271	8027
360	626	74	128	613	852	124	172	1271	8028
657	43	132	8	1257	470	257	99	1271	8029
1	72	0	14	189	599	41	125	1272	8030
346	119	73	23	551	615	117	124	1272	8032
346	792	73	160	785	1250	166	253	1272	8032
1	338	0	70	334	823	75	175	1273	8035
381	855	84	184	778	1177	170	253	1273	8037
1091	131	235	29	1324	331	289	76	1273	8038
13	586	2	131	417	955	87	207	1274	8038
464	619	96	127	744	856	156	178	1274	8039
768	1041	161	200	1212	1522	253	300	1274	8040
80	1285	17	270	222	1427	47	300	1275	8048
222	1	47	0	370	224	79	45	1275	8049
533	611	112	130	694	879	145	183	1275	8050
746	547	155	106	923	835	191	164	1275	8051
970	34	200	6	1453	776	299	158	1275	8052
941	1193	193	253	1198	1403	246	297	1276	8041
63	928	12	187	541	1484	112	300	1276	8052
612	355	126	76	894	959	184	202	1276	8053
840	1382	176	271	985	1534	204	300	1277	2234
794	380	166	78	1018	636	211	129	1277	3494
1069	635	221	128	1220	789	254	161	1277	3495
1280	197	268	42	1430	492	300	98	1277	3496
1	968	0	201	180	1444	39	300	1277	8042
342	1199	72	246	480	1337	99	273	1277	8053
537	70	111	14	747	644	157	135	1277	8054
334	1090	69	214	653	1486	138	295	1278	3499
708	194	149	39	997	569	207	111	1278	3500
1030	1	214	0	1439	842	300	164	1278	3501
1	842	0	164	272	1378	58	271	1279	3501
330	522	70	107	452	644	93	130	1279	3502
510	469	105	91	731	696	150	136	1279	3503
1018	372	209	76	1208	969	249	197	1279	3504
417	402	87	82	582	750	120	149	1280	3511
245	766	48	147	554	1130	115	220	1281	3519
1063	105	219	21	1449	583	300	118	1281	3524
1	583	0	118	391	1216	86	245	1282	3524
825	1079	175	226	1066	1470	224	300	1282	3527
138	877	28	170	454	1168	98	230	1284	3543
501	55	107	10	659	247	139	46	1284	3545
525	1175	111	233	675	1485	144	300	1285	3555
753	1201	161	252	904	1408	195	295	1285	3557
1037	907	222	179	1225	1094	264	219	1285	3559
639	1014	138	202	793	1166	175	237	1286	3563
658	16	142	3	782	141	171	32	1286	7225
117	961	25	200	320	1230	68	255	1287	3572
1264	885	264	171	1363	984	287	194	1287	3591
1	1013	0	198	138	1168	32	233	1288	3592
1087	439	235	89	1303	972	283	202	1288	3600
68	111	15	25	234	277	52	61	1289	3602
398	338	86	69	570	590	122	118	1289	3604
1166	13	244	3	1314	161	276	35	1289	3615
652	1304	134	268	802	1459	165	300	1290	3618
802	1	165	0	997	205	204	40	1290	3619
1141	614	234	123	1394	1082	286	214	1290	3621
96	1165	20	231	234	1393	49	277	1291	3624
662	284	139	51	1061	1093	225	221	1291	3627
1097	411	232	84	1411	741	299	153	1291	3628
65	60	13	12	472	514	103	104	1292	3632
519	827	112	161	819	1190	169	231	1292	3633
645	1288	136	263	819	1470	169	298	1292	6358
203	1164	42	227	373	1304	79	257	1293	3637
523	416	110	83	622	515	131	104	1293	3639
1282	100	268	21	1424	250	300	54	1293	3643
1	250	0	54	297	1200	61	241	1294	3643
1032	1	217	0	1382	348	292	74	1294	3650
25	428	5	91	328	777	69	164	1295	3650
704	797	148	158	1127	1423	233	279	1295	3658
832	49	177	11	1018	362	219	71	1296	3669
832	748	177	152	981	900	209	184	1296	6457
129	1162	27	216	303	1342	66	255	1297	3672
1048	152	224	32	1281	365	274	78	1297	3686
967	337	204	67	1308	1149	276	234	1298	3700
519	265	109	56	668	410	138	84	1298	3701
162	109	33	21	389	682	80	139	1299	3702
1002	599	210	122	1190	806	247	162	1299	3708
247	743	49	140	440	911	89	176	1300	3711
965	251	199	48	1220	513	254	103	1300	3715
1267	1088	263	217	1425	1296	297	258	1300	3716
751	525	157	109	1007	968	210	200	1301	3724
200	130	42	26	355	377	77	83	1302	3727
532	396	115	77	750	775	165	151	1302	3728
898	104	196	18	1085	527	235	101	1302	3729
1136	579	245	116	1304	890	281	180	1302	3730
388	96	80	19	493	208	104	44	1303	3735
1139	357	240	77	1308	548	277	116	1303	3740
340	1000	71	198	505	1237	107	249	1304	3744
611	1163	133	240	783	1375	173	285	1304	3748
818	54	180	11	1111	377	243	79	1304	3752
1095	546	239	112	1327	789	290	166	1304	3755
869	1	184	0	1129	298	238	59	1305	3754
8	923	1	190	769	1453	163	300	1305	3755
1113	1137	234	241	1229	1253	257	264	1305	3757
216	672	44	137	518	1047	112	220	1306	3751
204	1220	42	244	455	1464	99	300	1306	3766
376	610	81	129	863	1077	187	227	1306	3776
433	239	93	51	758	1156	162	218	1307	3785
805	823	171	156	930	963	199	185	1307	3788
1072	331	228	63	1399	1029	299	204	1307	3790
730	1077	152	224	869	1217	183	253	1308	3797
730	665	152	125	996	850	209	163	1308	3798
1041	1034	218	208	1204	1227	254	250	1308	3799
52	658	10	131	549	1345	117	269	1309	3801
619	9	132	1	794	298	169	63	1309	3802
1059	57	225	10	1399	739	300	149	1309	3807
313	986	67	199	690	1452	147	293	1310	3808
886	1037	191	213	1138	1328	239	265	1310	3810
10	834	2	168	372	1453	81	296	1311	3811
437	997	95	203	609	1138	132	233	1311	3812
797	14	172	2	1058	392	228	78	1311	3814
259	454	52	97	483	838	103	176	1312	3822
1304	254	274	46	1425	375	300	72	1312	3836
1	375	0	72	419	1007	89	194	1313	3836
459	363	97	77	755	950	161	196	1313	3838
1217	788	259	153	1376	1139	292	227	1313	3844
8	1382	1	269	144	1518	32	300	1314	3845
301	1295	67	262	452	1446	98	293	1314	3846
144	1	32	0	254	122	58	27	1314	3846
508	114	110	23	707	661	152	140	1314	3847
862	600	186	120	1169	1069	251	220	1314	3854
558	727	121	143	842	1083	182	215	1315	3859
1016	81	217	14	1280	658	271	131	1315	3861
326	708	69	144	551	1311	118	271	1316	3865
1016	1322	217	261	1195	1504	257	300	1316	3871
1195	1	257	0	1356	538	290	110	1316	3872
56	336	12	65	261	509	56	101	1318	3889
1238	712	263	139	1420	935	300	181	1318	3898
985	777	212	143	1122	954	242	178	1319	3903
692	990	138	175	881	1347	174	239	1321	3944
780	65	157	13	964	243	196	52	1322	2942
407	294	80	57	978	1553	200	294	1322	3951
603	1232	116	237	761	1450	146	275	1323	3963
808	984	155	180	975	1218	187	223	1323	3964
33	398	6	78	213	639	43	124	1324	3969
1140	1292	223	248	1332	1475	262	282	1324	3983
729	792	150	146	940	1228	194	227	1325	3993
735	594	149	113	1020	1281	206	246	1326	4005
1148	619	231	124	1324	935	266	184	1326	4007
788	33	161	6	965	213	196	41	1343	4018
1111	1092	227	211	1290	1271	264	248	1343	4019
161	507	35	106	370	793	77	161	1344	4022
431	134	90	26	1480	1182	300	236	1344	4023
1	1182	0	236	324	1494	66	300	1345	4023
324	1	66	0	1551	1224	300	232	1345	4024
1	810	0	154	515	1410	102	269	1346	397
1	1224	0	232	374	1586	70	300	1346	4024
374	1	70	0	1479	1537	293	300	1346	4025
1	31	0	6	1444	1520	284	300	1347	4026
7	1255	1	242	284	1520	59	300	1348	4026
1	75	0	16	536	640	113	133	1348	4027
583	17	122	3	819	398	168	78	1348	4028
891	517	185	110	1451	1085	300	225	1348	4029
248	700	53	138	798	1359	166	261	1349	4032
1192	14	254	2	1370	213	290	41	1350	104
961	617	205	111	1370	1333	290	256	1350	4037
1	429	0	85	225	674	46	134	1351	4038
303	655	65	128	599	1369	129	269	1351	4039
576	484	124	103	788	723	170	153	1351	4040
1299	967	276	189	1428	1088	300	212	1351	4045
1	1088	0	212	342	1506	73	296	1352	4045
326	362	70	69	945	1415	194	267	1352	4046
1077	833	220	168	1313	1082	268	216	1352	4049
513	384	109	74	687	529	146	105	1353	4051
671	13	143	2	1294	673	266	125	1353	4052
1275	1	262	0	1461	158	300	32	1353	4053
1	473	0	91	494	1395	99	266	1354	4043
686	1014	142	190	946	1320	198	252	1354	4044
112	895	26	166	475	1396	100	261	1355	4055
469	191	99	34	686	464	147	90	1355	4056
823	465	175	87	1406	1353	298	269	1355	4058
35	91	7	17	371	546	69	100	1356	4059
41	463	8	95	224	694	38	134	1356	7561
59	686	12	132	172	798	36	156	1357	4063
240	262	51	47	904	1055	183	199	1357	4064
1127	608	228	112	1410	1092	289	203	1357	4066
308	715	64	146	515	934	103	186	1358	4068
786	1067	171	206	1024	1364	221	266	1359	4080
583	18	131	3	734	171	161	32	1359	4080
305	1098	61	208	417	1215	85	233	1360	4082
574	63	123	11	963	1113	201	210	1360	4085
1234	783	255	148	1388	1269	288	240	1360	4086
880	751	189	153	1070	957	232	196	1361	2736
1269	571	271	114	1399	701	298	140	1361	2737
300	201	64	39	451	368	94	71	1362	2739
837	5	178	1	1428	592	300	123	1362	2741
300	103	64	23	428	236	88	48	1362	7771
1	592	0	123	322	1255	61	246	1363	2741
1049	573	216	112	1366	1110	283	216	1363	2747
137	1341	29	267	322	1526	61	299	1363	3037
890	975	185	191	1010	1095	209	215	1364	2752
1287	145	265	28	1456	325	298	62	1364	2754
35	487	7	93	388	1603	79	300	1365	2754
388	1	79	0	746	386	147	71	1365	2755
362	870	72	159	918	1628	182	300	1366	2760
993	988	198	189	1342	1486	270	281	1366	2761
490	450	100	88	830	1493	170	280	1367	2764
232	99	50	17	409	654	89	129	1368	2768
1020	1170	220	231	1281	1447	271	285	1368	2769
324	400	70	76	773	804	162	153	1369	2776
336	102	67	20	834	691	169	133	1370	2779
797	533	163	99	1147	1119	233	207	1371	2784
605	724	126	141	894	1438	187	278	1372	2788
1258	1207	261	234	1441	1390	300	273	1372	2792
425	522	91	101	901	1251	191	245	1373	2794
867	435	184	89	1281	1230	269	246	1373	2795
456	730	92	133	607	873	125	163	1374	2798
668	55	138	11	793	183	166	39	1374	2799
854	445	179	87	1293	1419	272	276	1374	2801
403	214	85	39	593	518	122	100	1375	112
390	201	82	36	687	512	143	98	1375	2803
1206	1029	253	194	1426	1438	300	275	1375	2806
90	57	20	10	391	376	82	76	1376	2807
554	61	115	14	1116	707	232	141	1376	2809
1101	385	231	80	1451	885	300	173	1377	2815
53	79	10	15	322	479	64	92	1378	2816
741	1177	152	219	1002	1481	209	279	1378	2820
193	1127	41	219	547	1511	116	297	1379	2823
618	985	133	189	959	1563	201	294	1379	2824
905	332	191	63	1356	1148	287	218	1379	2825
952	124	199	22	1097	330	228	62	1380	2831
834	473	173	89	1265	918	265	178	1381	2836
1312	1278	274	249	1436	1402	300	275	1381	2836
327	878	69	161	560	1535	119	290	1382	2840
624	1015	134	201	843	1476	179	290	1382	2841
1135	344	244	61	1314	632	278	114	1382	2843
153	1144	31	215	546	1578	109	298	1383	2843
8	1025	1	197	156	1197	34	232	1384	2847
342	269	71	52	767	1027	155	198	1384	2849
814	593	164	114	1002	1041	204	200	1384	2850
1164	638	239	124	1428	1344	293	255	1384	2851
13	325	2	60	708	1197	141	225	1385	2852
748	127	149	25	1535	1095	296	201	1385	2853
260	1345	52	262	403	1502	79	292	1386	1290
962	988	192	173	1441	1565	292	289	1386	2857
257	1285	51	246	456	1521	91	290	1386	2862
1	1368	0	256	208	1613	39	300	1387	2860
208	1	39	0	896	1048	178	205	1387	2861
1000	1215	199	242	1253	1522	249	300	1387	2863
1253	1	249	0	1549	294	300	51	1387	2864
1	294	0	51	264	561	53	103	1388	2864
1058	404	217	77	1190	913	246	178	1388	2867
1	423	0	79	335	839	65	154	1389	2869
382	320	74	59	631	611	125	114	1389	2870
694	767	139	143	1131	1405	231	263	1389	2871
617	1314	126	256	770	1489	156	291	1390	2876
819	108	167	21	1052	514	212	98	1390	2877
1178	176	238	32	1476	481	300	92	1390	2878
1337	461	272	92	1476	602	300	121	1390	3033
738	197	158	38	1291	1119	273	217	1391	2881
840	343	177	66	1218	1061	261	213	1392	2885
16	313	4	61	486	1004	103	203	1393	2886
984	945	209	196	1119	1263	241	259	1393	2891
611	1149	134	224	872	1500	189	291	1394	2895
1	628	0	126	100	727	23	149	1396	2905
647	252	143	49	1228	982	265	193	1396	2908
560	941	123	192	804	1470	179	300	1397	2910
5	550	1	100	525	1374	116	275	1398	2916
641	633	140	124	1101	1464	241	296	1398	2917
130	95	28	17	628	979	136	193	1399	2920
829	239	179	46	1304	811	278	160	1399	2921
765	492	170	97	874	601	193	120	1400	2925
573	1361	124	273	687	1491	147	300	1401	2928
927	833	199	157	1297	1186	283	227	1401	2930
80	1443	17	275	198	1562	42	300	1402	2930
529	836	117	154	971	1518	210	291	1402	2935
1073	250	230	48	1372	920	295	188	1402	2936
439	1	95	0	642	341	139	67	1404	2944
394	538	85	105	1065	1353	228	266	1404	2944
65	1017	13	203	192	1152	41	231	1405	2946
244	767	51	138	607	1525	128	286	1405	2947
541	114	114	22	904	848	189	162	1405	2948
1290	563	274	107	1410	683	298	131	1405	2950
871	190	187	34	1367	677	300	138	1406	2952
154	1354	33	268	311	1510	62	297	1406	2960
375	401	77	76	592	674	125	133	1406	2961
469	104	98	21	704	405	148	84	1407	2955
651	852	137	169	935	1529	200	300	1407	2955
935	1	200	0	1399	763	300	149	1407	2956
357	945	78	188	597	1256	130	247	1408	2954
1	763	0	149	310	1132	69	224	1408	2956
643	137	139	27	915	567	199	112	1408	2957
601	89	130	18	1168	937	248	188	1409	2964
1241	861	263	163	1429	1049	300	200	1409	2965
1273	1	270	0	1429	168	300	34	1409	5700
728	579	158	114	1191	1397	258	275	1410	2972
58	769	11	150	350	1096	72	217	1411	2974
240	178	51	33	478	775	101	150	1412	2983
631	901	132	170	821	1269	172	245	1412	2984
977	453	207	90	1172	902	250	180	1412	2985
370	661	76	126	799	1399	166	269	1413	2988
846	266	175	50	958	378	199	74	1413	2989
1186	602	248	118	1429	1164	300	227	1413	2990
53	1284	10	250	235	1504	49	294	1414	2990
465	526	95	100	942	1219	195	237	1414	2994
908	444	187	81	1097	814	230	153	1414	2995
1	677	0	136	530	1328	108	266	1415	2997
697	955	144	185	885	1466	184	286	1415	2998
1145	486	238	94	1360	1034	285	209	1415	3000
321	1138	66	224	525	1359	112	272	1416	3004
771	875	162	165	892	1023	186	193	1416	3006
938	234	195	48	1194	1158	252	235	1416	3007
106	195	21	36	247	353	51	67	1418	3016
527	343	114	65	930	727	198	138	1418	3017
1238	999	260	197	1394	1183	289	231	1418	3018
1	424	0	84	264	1165	55	231	1419	3019
923	1	194	0	1136	422	239	86	1419	3022
1192	1059	251	218	1359	1224	282	249	1419	3022
1	319	0	67	114	432	24	91	1420	3023
364	670	80	133	687	1380	147	274	1420	3025
755	146	163	28	1148	1215	247	236	1420	3026
1217	1291	263	251	1325	1400	284	272	1420	3027
1	148	0	28	538	1081	112	215	1421	3028
115	7	23	1	676	242	143	51	1421	3029
9	397	2	80	181	613	39	122	1422	3034
227	159	49	25	400	368	87	68	1422	3035
654	246	142	47	1111	1180	242	239	1422	3036
108	416	24	87	289	612	64	129	1423	4096
122	825	28	174	289	1040	64	219	1423	4405
563	1033	123	214	766	1253	167	261	1423	7386
962	32	211	6	1369	709	300	142	1423	7387
1	709	0	142	181	887	39	180	1424	7387
326	1217	76	249	579	1460	128	300	1424	7388
654	572	146	121	1218	1017	264	216	1424	7390
383	772	88	154	604	1018	134	206	1424	7393
1	86	0	18	307	457	69	95	1425	4100
595	476	129	94	784	665	167	132	1425	4101
297	156	66	35	536	385	116	83	1425	7393
1109	460	243	94	1392	723	300	147	1425	7575
1085	896	226	174	1423	1188	293	233	1426	1458
60	383	12	72	221	561	49	109	1426	4104
360	85	77	16	565	688	120	133	1426	4106
616	495	130	97	760	639	158	124	1426	4107
1104	797	230	162	1423	1089	293	220	1426	6105
584	1082	126	222	780	1403	169	286	1427	4111
1081	742	231	154	1429	1229	300	251	1427	4114
121	1249	26	242	391	1498	85	296	1427	6096
126	1295	26	259	307	1485	64	300	1428	4115
307	1	64	0	504	390	100	71	1428	4116
858	5	178	1	1062	225	220	47	1428	4118
408	417	84	79	724	713	148	140	1429	4127
781	6	162	1	1069	468	219	88	1429	4128
1292	1244	262	237	1475	1416	300	273	1429	4130
1292	452	262	91	1467	618	298	126	1429	6385
1	1416	0	273	139	1554	27	300	1430	4130
139	1	27	0	413	270	84	56	1430	4131
473	46	97	10	750	403	154	79	1430	4132
1025	879	210	166	1390	1262	281	239	1430	4136
804	81	162	16	1453	733	294	147	1431	1321
126	407	26	73	487	1022	102	200	1431	4139
559	7	115	1	1485	908	300	179	1431	4140
1	908	0	179	606	1500	124	300	1432	4140
606	1	124	0	1517	892	300	172	1432	4141
1	892	0	172	411	1553	82	300	1433	4141
411	1	82	0	1242	959	237	180	1433	4142
1343	1341	256	252	1531	1529	290	286	1433	4142
34	1	7	0	310	285	65	58	1434	4144
576	559	119	111	1461	1439	300	291	1434	4145
369	686	78	135	529	853	110	168	1434	4147
576	150	119	31	1461	1015	300	208	1434	7156
428	1150	90	221	712	1426	148	275	1435	4150
756	570	157	106	1185	1387	243	262	1435	4151
1165	98	239	19	1349	275	278	55	1435	4152
106	120	21	22	349	364	72	71	1436	4155
328	445	68	91	1416	1529	278	300	1436	7740
1416	1	278	0	1531	117	300	22	1436	7741
1296	1	275	0	1424	132	300	25	1437	4158
1	117	0	22	1019	1142	215	238	1437	7741
341	1323	71	260	526	1514	108	300	1438	4158
526	1	108	0	626	101	129	21	1438	4159
685	1028	143	212	826	1184	172	242	1438	4160
977	104	203	19	1124	311	235	60	1438	4163
29	1225	6	245	207	1419	43	283	1439	4164
252	216	52	41	814	854	172	172	1439	4166
989	262	208	51	1221	479	259	100	1439	4169
1045	1281	226	249	1147	1413	249	277	1440	4165
321	840	70	160	467	1040	103	198	1440	4176
1037	1200	224	229	1158	1336	252	259	1440	4182
57	883	11	172	395	1240	82	245	1441	4188
532	32	109	5	1238	1060	261	214	1441	4189
81	1328	16	265	179	1426	40	288	1442	4191
235	1370	51	263	402	1558	84	297	1442	4192
235	45	51	8	852	986	177	192	1442	4193
1075	251	223	45	1301	525	273	105	1442	6134
69	145	16	28	1294	1354	274	272	1443	4197
156	624	33	122	711	1301	154	261	1444	4199
689	721	149	137	926	1073	205	209	1444	4200
973	108	214	19	1142	284	249	55	1444	4201
171	294	36	64	468	532	100	115	1444	7024
158	811	34	153	489	1312	108	255	1445	4206
691	234	150	49	849	681	186	136	1445	4213
895	290	195	58	1378	779	299	163	1445	4215
186	869	43	175	519	1152	110	232	1446	733
1	834	0	176	105	938	25	201	1446	4215
168	199	39	38	500	531	104	103	1446	4220
574	373	120	71	919	718	192	140	1446	4221
574	712	120	144	845	983	175	199	1446	4222
1021	224	215	45	1344	766	284	145	1446	4223
230	536	50	112	366	674	80	141	1447	4227
535	1	113	0	766	264	162	52	1447	4228
1197	1162	252	223	1381	1341	294	264	1447	4234
339	1	71	0	809	722	160	132	1448	4239
793	1133	157	199	956	1288	187	227	1448	4240
339	21	71	4	611	360	121	67	1448	6760
260	670	52	132	752	1148	147	224	1449	2722
226	675	46	124	970	1519	190	282	1449	4245
943	812	184	159	1372	1315	271	255	1449	4247
233	514	47	102	737	993	142	191	1449	6990
1223	946	259	182	1378	1101	290	211	1450	680
1	292	0	57	274	587	64	122	1450	4249
321	1250	73	250	555	1478	124	300	1450	4249
479	1	108	0	664	204	148	42	1450	4250
711	337	157	66	1191	1091	252	212	1450	4251
1213	1	257	0	1378	191	290	35	1450	4252
443	37	96	7	986	671	204	127	1451	4257
1186	394	245	78	1404	634	285	119	1451	4258
135	895	27	177	538	1301	114	265	1452	4267
850	1156	177	215	1304	1611	263	300	1452	4268
599	341	128	62	855	607	178	112	1452	4268
832	1014	185	184	1222	1411	263	263	1453	4262
1117	479	242	89	1406	743	300	142	1453	4263
155	1	33	0	539	464	125	105	1453	4270
140	828	29	167	333	1037	64	204	1454	4265
393	746	78	140	716	1147	145	214	1454	4272
735	34	149	7	897	198	179	36	1454	4273
1057	502	207	112	1311	740	256	154	1455	4270
73	1109	17	207	379	1613	78	300	1455	4281
1045	96	205	18	1311	376	256	70	1455	4284
1299	481	252	95	1552	739	300	144	1456	4287
53	1160	10	233	424	1537	77	300	1456	4288
424	1	77	0	1419	939	273	184	1456	4289
1	739	0	144	828	1528	162	299	1457	4287
836	1	164	0	1427	577	291	124	1457	4288
1214	156	239	28	1427	369	291	80	1457	4311
1064	832	200	167	1327	1125	253	226	1458	1754
11	831	2	164	746	1561	139	300	1458	4289
835	486	157	94	1397	1203	266	226	1458	4291
1367	74	261	14	1534	241	296	49	1458	4292
53	945	10	179	533	1582	105	300	1459	4292
533	1	105	0	782	230	151	42	1459	4293
848	629	166	117	1101	881	216	166	1459	4294
122	618	30	116	364	860	77	163	1460	4296
431	1400	91	269	595	1564	122	300	1460	4297
658	144	136	28	961	558	195	104	1460	4298
1046	64	211	12	1233	507	252	97	1460	4299
1280	425	261	79	1466	604	300	116	1460	4300
143	1262	29	243	484	1590	86	298	1461	4301
555	200	101	40	1497	1123	289	223	1461	4303
1	1070	0	201	529	1574	105	300	1462	4304
529	1	105	0	842	320	166	63	1462	4305
830	975	164	189	1055	1328	213	256	1462	4305
1102	1277	222	252	1248	1423	250	280	1462	4307
1253	288	252	52	1507	536	299	97	1462	4308
75	1401	17	259	293	1620	58	300	1463	4308
569	1076	114	202	1038	1609	205	300	1463	4309
293	1	58	0	581	659	117	124	1463	4309
1145	609	229	119	1457	958	290	186	1463	4310
720	1073	144	220	1094	1471	217	298	1463	5563
231	364	44	72	444	577	96	124	1464	4288
95	7	18	1	589	707	129	145	1464	4311
618	125	135	23	786	312	169	59	1464	4313
1013	44	215	8	1387	716	295	130	1464	4314
585	80	121	14	1136	646	236	124	1465	4315
994	1405	204	272	1111	1538	229	300	1465	4316
1111	1	229	0	1407	427	291	84	1465	4317
132	1205	26	223	377	1443	75	271	1466	4318
605	383	119	69	811	591	163	111	1466	4322
799	1221	160	234	1004	1445	203	278	1466	4322
1051	217	212	43	1385	787	279	155	1466	4323
434	719	91	140	770	1470	157	271	1467	4326
817	807	166	150	1074	1029	219	192	1467	4327
1205	218	245	40	1468	468	300	93	1467	4328
1	468	0	93	292	773	61	155	1468	4328
299	263	62	54	580	548	121	113	1468	4329
1177	688	242	131	1315	833	268	158	1468	4330
1	278	0	57	236	532	48	108	1468	7008
1	947	0	188	236	1200	48	238	1468	7977
151	38	29	8	305	185	61	37	1469	4335
370	1091	75	209	646	1388	127	264	1469	4335
623	735	123	149	864	1014	176	200	1469	4336
1027	1	209	0	1226	200	249	40	1469	4338
53	1126	10	220	357	1538	73	299	1470	4338
404	96	82	17	572	284	118	56	1470	4339
600	1258	123	245	879	1553	178	300	1470	4339
1013	753	205	142	1311	1327	274	258	1470	4340
369	975	78	189	689	1491	148	297	1471	4342
6	1	2	0	309	462	64	92	1471	4342
1278	538	265	100	1462	794	300	146	1471	4346
400	1316	84	249	620	1560	131	300	1472	4347
620	1	131	0	847	228	173	42	1472	4348
1054	278	217	57	1411	737	294	153	1472	4351
11	850	2	173	366	1163	73	237	1473	4351
322	909	65	174	570	1353	116	264	1473	4355
617	1335	125	257	836	1548	169	300	1473	4357
918	34	187	6	1471	604	300	121	1473	4359
215	45	43	8	386	210	77	41	1474	4360
440	694	90	132	1088	1540	223	297	1474	4362
1144	1018	236	193	1451	1249	298	238	1474	4364
220	928	44	193	386	1090	77	225	1474	6325
66	1322	13	253	271	1534	52	293	1475	4364
252	404	48	83	902	732	183	148	1475	4365
1055	809	215	158	1402	1157	284	226	1475	4367
667	1181	144	218	831	1363	181	255	1476	4341
1	37	0	8	362	794	78	161	1476	4369
557	653	120	125	835	1139	182	220	1476	4372
878	357	190	65	1184	668	252	126	1476	4374
1146	499	245	92	1413	1143	300	220	1476	4375
438	255	91	50	964	1024	191	193	1477	4378
402	356	84	69	1086	1386	227	276	1478	4383
1132	102	236	19	1334	308	275	59	1478	4384
107	872	22	170	350	1157	69	224	1479	2726
1	90	0	19	409	520	81	101	1479	4385
343	1091	67	199	598	1322	121	246	1479	4386
749	1024	153	212	1070	1384	223	286	1479	4388
1117	1231	232	226	1238	1342	256	248	1479	4390
162	977	33	183	634	1514	131	287	1480	4393
1112	19	225	3	1339	264	271	50	1480	4396
808	1163	163	229	1174	1523	233	298	1487	4018
1238	174	247	36	1502	439	300	89	1487	4020
1	439	0	89	231	668	47	136	1488	4020
805	783	164	148	1179	1272	236	239	1490	4065
377	944	76	187	556	1294	114	255	1491	4072
607	655	124	135	886	1217	184	248	1491	4073
1190	1058	244	204	1391	1568	283	300	1491	4079
1	260	0	49	510	797	106	156	1492	4080
767	1226	163	234	1000	1592	210	299	1492	4083
1035	47	217	9	1275	522	263	92	1492	4084
1309	1240	270	226	1461	1392	300	256	1492	4084
1115	1131	227	227	1262	1262	260	256	1493	2735
576	1115	117	213	730	1583	149	298	1493	4086
777	1314	158	245	932	1537	188	288	1493	4088
106	45	21	9	239	179	50	38	1494	2740
161	117	34	22	427	729	89	139	1495	2761
795	59	167	11	940	336	196	65	1495	2764
1087	106	225	21	1237	271	257	55	1495	2766
659	272	141	51	1010	801	214	151	1496	2782
245	249	50	46	510	534	102	99	1497	2798
527	572	105	115	710	949	143	191	1497	2799
44	1038	8	202	299	1368	56	266	1498	2809
629	659	127	126	772	798	151	149	1498	2814
1099	324	215	61	1318	899	257	165	1498	2819
604	485	121	99	880	1373	176	262	1499	2829
1254	1318	255	266	1413	1483	288	300	1499	2838
227	765	47	144	486	1138	99	215	1500	2845
950	1314	191	257	1203	1569	234	300	1500	2861
1203	1	234	0	1430	569	279	114	1500	2862
466	722	95	140	673	1032	137	198	1501	2866
890	845	182	164	1023	971	207	188	1501	2868
67	1078	14	209	204	1563	45	300	1502	2872
463	1130	100	219	680	1399	146	269	1502	2884
1008	905	218	169	1321	1516	284	293	1502	2888
471	1281	106	256	638	1459	143	292	1503	2894
551	964	118	191	666	1107	144	220	1504	2914
1201	742	258	143	1376	913	296	181	1505	2950
361	1294	75	268	503	1444	106	300	1506	2958
361	70	75	13	513	246	108	50	1506	2959
424	159	91	31	556	291	118	58	1507	2987
614	802	131	151	895	1201	189	227	1507	2989
189	979	40	190	439	1312	95	260	1508	3010
20	164	4	33	315	461	66	95	1509	3024
956	232	187	44	1308	449	267	96	1510	1307
754	890	153	174	1357	1498	278	300	1510	4149
203	682	42	146	508	981	108	210	1511	4162
564	443	120	81	704	583	149	109	1511	4168
753	15	159	3	996	265	209	54	1511	4174
109	691	22	132	238	820	51	161	1512	4194
308	1	66	0	486	198	102	38	1512	4200
676	135	141	26	801	287	168	58	1512	4205
978	568	206	110	1136	806	242	162	1512	4213
221	387	45	71	372	580	79	110	1513	4248
569	1241	120	237	755	1546	159	299	1513	4263
999	478	207	91	1288	797	264	154	1513	4283
178	1250	34	237	359	1491	69	283	1514	4298
406	907	78	166	547	1077	109	203	1514	4306
579	28	115	5	823	301	161	55	1514	4308
1335	374	261	74	1535	579	299	113	1514	4320
406	1305	78	265	538	1467	106	300	1514	5773
1	583	0	114	365	1042	73	203	1515	4320
570	1092	116	203	769	1477	156	278	1515	4327
816	567	165	117	1087	851	221	175	1515	4329
1237	1365	251	260	1396	1556	282	294	1515	4335
1	983	0	185	150	1132	28	213	1516	4343
518	104	104	22	1262	859	256	174	1516	4361
1	103	0	21	393	532	71	99	1517	4364
753	555	147	111	1429	1231	270	232	1517	4368
252	91	51	18	452	266	89	51	1518	4382
754	680	150	125	915	867	185	163	1518	4393
