b1	b2	bw1	bw2	e1	e2	ew1	ew2	seq1	seq2
1130	223	215	41	1309	401	249	75	27	96
133	1025	26	193	626	1234	121	234	38	124
156	1234	29	234	307	1384	56	261	39	124
1120	1066	225	218	1247	1192	249	242	43	136
140	1026	25	206	342	1224	64	245	68	190
215	823	44	159	388	994	81	196	82	221
930	333	169	65	1078	481	198	94	83	231
1324	738	254	143	1539	952	294	183	85	231
191	608	37	118	329	744	63	144	85	231
922	952	179	183	1245	1249	244	243	86	231
555	1141	105	222	764	1343	143	259	87	231
883	931	174	179	1026	1073	203	208	97	267
173	1073	32	208	360	1256	65	241	98	267
161	14	28	3	334	184	63	38	124	320
391	819	74	155	600	1023	113	194	138	357
194	242	39	45	565	486	108	91	143	370
745	378	142	67	894	526	170	95	145	378
370	399	72	71	849	721	165	132	146	378
18	293	3	60	253	523	49	106	152	389
960	111	185	21	1384	424	259	78	155	396
577	49	115	11	844	315	165	61	166	413
44	227	7	45	312	430	57	82	167	413
169	1014	31	196	402	1230	76	238	171	419
323	103	65	22	817	366	158	71	177	430
1	386	0	74	227	633	43	121	178	430
642	262	119	52	842	421	159	86	182	439
831	545	164	109	1342	913	267	183	185	439
51	245	9	46	262	452	42	79	189	452
1010	561	203	115	1322	876	267	180	195	462
659	838	126	167	933	1110	179	220	197	470
705	866	140	165	881	1040	175	200	205	480
317	359	54	65	430	470	78	88	210	493
572	631	113	119	1049	914	198	173	211	493
392	304	75	57	685	644	134	123	213	500
924	1204	183	241	1183	1457	233	291	215	503
25	21	5	4	732	322	136	61	226	525
152	322	27	61	515	683	92	126	227	525
1158	309	217	57	1384	541	261	102	229	536
1372	441	258	80	1545	614	289	111	229	541
533	669	102	121	995	914	189	166	231	541
514	1100	101	199	1140	1329	216	242	236	546
278	1135	54	208	567	1421	111	265	238	548
1	67	0	11	275	326	49	57	240	549
347	1039	63	191	886	1401	173	266	243	556
1	1170	0	217	610	1556	124	296	244	556
1141	1	235	0	1476	409	300	80	245	557
1	37	0	6	1028	621	210	125	246	557
1093	1278	211	246	1384	1496	264	288	249	565
948	807	178	143	1505	1183	281	215	253	574
245	915	48	163	1184	1483	229	275	254	574
396	1280	76	234	1023	1563	204	289	255	574
697	1215	137	226	1029	1515	199	283	256	582
367	1	69	0	563	195	106	37	258	585
471	547	88	101	1068	1030	205	196	260	585
12	845	2	158	767	1060	152	202	261	585
123	229	23	52	295	399	62	91	271	610
1206	1182	223	214	1455	1426	272	261	281	616
764	1327	142	243	915	1477	170	271	282	616
1259	454	233	85	1412	605	261	113	284	632
41	436	8	87	208	595	37	115	292	645
212	280	38	58	857	692	158	132	293	645
769	782	157	144	1061	1024	218	195	294	648
1	913	0	172	864	1175	164	223	295	648
386	1330	71	253	534	1477	98	280	297	648
1057	1228	201	235	1481	1479	275	282	301	653
1034	1312	207	242	1190	1467	237	272	308	660
1183	1308	239	242	1424	1549	285	288	311	665
28	15	6	3	146	133	32	29	313	666
1416	1324	268	250	1568	1474	299	281	313	667
762	213	148	37	917	369	176	65	316	668
1	822	0	152	256	1076	51	203	328	678
37	1082	6	204	330	1371	64	262	329	678
810	279	170	55	1317	572	274	116	330	680
379	745	74	144	602	935	115	179	333	680
1118	1087	230	212	1263	1229	259	241	334	680
796	374	154	74	1018	591	195	115	335	683
1157	918	223	176	1526	1259	297	244	337	683
1	735	0	142	236	972	44	187	337	683
700	68	135	12	892	286	172	53	340	684
301	156	59	30	779	524	145	100	341	684
301	1278	57	227	458	1433	87	256	343	694
610	1461	113	261	1454	1679	263	300	344	694
556	1	112	0	1471	418	280	79	345	695
909	411	173	78	1296	793	242	147	346	695
86	595	17	111	902	1015	171	192	347	695
18	671	3	127	355	1001	61	183	349	703
681	1350	132	245	892	1557	174	286	351	703
219	346	38	63	455	567	80	102	367	721
1125	657	211	118	1529	1022	286	189	368	721
21	563	3	101	222	761	41	139	368	721
1061	1022	202	189	1343	1300	259	246	369	721
268	829	58	165	497	1056	101	208	378	725
1177	795	221	146	1479	1091	279	202	391	749
928	1080	182	200	1366	1510	262	279	392	749
448	18	85	2	1050	504	193	94	394	750
1	604	0	113	399	984	74	184	396	750
1	1049	0	197	231	1275	46	243	397	750
1	5	0	1	187	188	39	39	398	764
1	211	0	44	283	490	53	97	399	764
959	161	185	33	1149	350	222	70	407	766
239	1083	45	204	439	1262	87	242	409	771
1080	1276	218	245	1387	1579	273	300	415	772
12	1258	2	241	423	1579	79	300	416	772
712	32	131	7	938	298	173	57	416	773
405	200	76	38	605	401	113	75	417	773
1	1238	0	236	176	1413	36	272	423	789
249	149	48	25	694	424	132	79	425	790
224	538	42	102	392	704	75	135	426	796
1018	294	210	63	1300	575	266	119	427	798
58	104	11	21	249	294	53	63	427	798
17	992	3	195	170	1435	36	286	427	799
433	410	90	87	957	825	190	169	428	798
358	732	73	149	629	1003	127	203	429	798
712	1151	144	232	1244	1424	249	286	431	798
304	1010	59	187	596	1300	115	243	433	812
144	129	24	25	325	312	61	62	434	815
675	378	133	76	1079	716	212	141	435	815
257	596	48	120	757	858	138	169	436	815
333	858	61	169	614	1135	116	224	437	815
85	1135	16	224	298	1349	58	266	438	815
511	1167	98	223	719	1374	141	266	440	825
194	1374	37	266	347	1525	68	297	441	825
1201	445	230	81	1459	702	282	134	441	827
968	702	187	134	1111	843	216	163	442	827
743	840	142	162	883	977	170	190	443	827
1092	1058	218	207	1412	1368	279	267	444	827
667	1282	126	250	1186	1524	230	300	445	827
1186	1	230	0	1328	141	258	28	445	828
228	1	48	0	899	405	176	78	446	828
825	498	169	99	1326	886	264	176	449	836
1	439	0	87	262	703	53	142	449	836
1	1240	0	238	679	1546	130	300	452	836
271	4	56	1	496	226	98	43	453	837
974	307	190	58	1280	582	245	111	454	837
377	1028	68	196	596	1235	107	234	456	844
258	261	51	55	466	468	93	97	460	845
58	468	11	97	213	622	40	126	461	845
688	595	127	115	1022	844	190	162	462	855
468	844	89	162	751	1124	141	214	463	855
179	1124	39	214	587	1523	123	295	464	855
69	1416	12	275	207	1552	37	300	465	855
1064	214	215	39	1281	433	258	82	466	856
346	227	63	45	546	423	100	81	468	862
1178	549	226	106	1515	882	290	170	469	862
634	721	122	137	1318	1167	257	225	470	862
1004	1134	188	219	1327	1451	246	277	471	862
506	1315	96	252	1066	1570	202	300	472	862
61	1159	12	225	606	1518	109	292	474	867
823	308	159	66	1479	770	287	158	476	868
1108	73	211	13	1563	444	297	83	479	875
793	307	146	56	1453	653	277	126	480	875
652	618	130	118	912	878	183	171	481	875
1	809	0	158	520	1222	104	242	482	875
784	700	155	132	990	903	192	169	484	880
1197	1065	228	198	1456	1312	280	249	486	880
1055	1440	205	273	1203	1586	233	300	488	880
1193	1120	222	208	1356	1279	250	236	502	911
1356	521	250	99	1540	705	288	137	502	912
1304	1	240	0	1588	276	300	58	505	917
406	10	75	2	1554	655	300	131	506	917
97	372	20	75	1524	1282	299	252	507	917
31	797	5	159	1310	1541	241	300	508	917
544	234	108	43	811	496	157	92	510	918
292	496	55	92	485	686	93	129	511	918
109	18	22	4	585	406	114	78	513	933
797	509	141	95	1646	1097	299	206	514	933
60	394	11	76	354	686	62	127	514	933
60	396	11	72	206	542	36	97	514	937
915	1056	178	198	1359	1422	270	274	515	933
1142	1	224	0	1499	387	298	83	515	944
831	1373	170	263	1020	1558	207	300	516	933
904	519	185	95	1077	687	218	127	516	948
653	1	121	0	923	246	171	46	517	934
623	603	114	110	923	878	171	163	517	948
499	865	96	161	941	1284	176	237	518	948
702	588	132	107	867	755	162	137	518	950
70	1098	11	202	784	1505	142	277	519	948
352	1	67	0	498	148	95	28	520	949
6	191	1	34	394	570	70	102	522	949
55	1175	11	223	200	1320	40	252	528	960
5	1313	1	251	232	1537	44	294	529	960
1275	718	245	135	1524	916	292	172	529	965
502	1	95	0	1235	342	239	64	530	961
905	898	173	173	1131	1122	220	220	531	968
967	1034	186	202	1131	1197	220	236	531	969
438	928	85	180	946	1127	183	221	532	968
469	1034	91	202	946	1202	183	237	532	969
58	483	10	81	427	867	77	151	534	970
1	990	0	174	236	1224	42	216	535	970
666	1314	129	233	1155	1599	222	288	536	970
1006	283	193	58	1155	432	222	87	536	975
314	511	62	102	848	844	157	163	538	975
1133	390	226	73	1348	607	265	113	542	979
101	1035	21	192	510	1429	104	272	546	979
1	184	0	34	174	355	31	65	549	993
522	318	94	59	1365	686	252	129	550	993
814	686	157	129	1015	884	195	167	551	993
147	114	30	22	985	623	187	118	561	1021
63	665	11	126	400	991	68	181	563	1021
283	921	51	170	1114	1265	206	233	564	1021
646	1147	129	210	1116	1409	220	262	565	1021
346	1370	73	254	606	1619	118	300	567	1021
165	4	29	1	447	284	82	54	568	1022
165	1396	29	262	380	1609	67	300	568	1033
554	55	104	8	926	346	175	64	571	1035
736	1202	139	226	917	1589	173	297	571	1037
544	938	110	174	1332	1377	258	258	574	1035
604	843	120	166	1128	1147	218	222	574	1039
268	1111	43	206	909	1553	164	292	575	1035
457	1	91	0	626	169	124	33	576	1036
1050	247	204	47	1263	456	247	89	577	1036
381	686	74	133	876	1163	167	222	582	1050
1029	516	194	95	1508	843	279	153	587	1053
1270	210	235	39	1508	448	279	83	587	1060
707	767	129	139	1115	1042	204	189	588	1053
949	1341	179	243	1442	1650	269	300	590	1053
949	876	179	163	1494	1236	278	229	590	1064
498	1063	93	197	1142	1445	212	267	591	1064
228	1251	42	232	531	1504	98	280	603	1070
1172	1	244	0	1333	160	273	29	604	1071
1128	566	236	108	1333	769	273	145	604	1079
720	58	131	10	1420	568	254	99	605	1071
192	643	39	112	453	885	89	159	607	1071
1421	885	273	159	1557	1020	300	186	607	1071
436	1423	81	262	631	1616	119	300	610	1071
436	751	81	141	671	983	127	187	610	1088
581	1119	107	209	788	1327	145	247	612	1088
10	1184	1	222	483	1524	90	285	613	1088
510	169	99	28	853	502	157	86	615	1089
510	1132	99	202	805	1417	147	250	615	1094
17	418	2	70	594	833	101	140	616	1089
481	27	93	4	894	362	171	68	620	1097
267	245	52	44	692	594	131	110	621	1097
496	168	96	32	692	361	131	67	621	1105
770	772	158	145	1323	1189	255	220	623	1097
770	539	158	102	1323	956	255	177	623	1105
691	1126	129	208	922	1386	172	257	624	1097
691	893	129	165	922	1153	172	214	624	1105
13	1246	2	230	611	1550	114	290	625	1097
13	1013	2	187	611	1317	114	247	625	1105
1	356	0	65	511	777	91	142	626	1107
1	387	0	74	511	808	91	151	626	1110
835	777	163	142	1385	1107	266	204	627	1107
252	1175	48	215	450	1370	83	250	629	1107
750	107	132	17	1164	320	207	56	632	1108
750	230	132	41	1164	443	207	80	632	1115
1311	1142	261	209	1483	1312	300	248	637	1108
1311	730	261	145	1483	900	300	184	637	1121
588	147	117	26	854	413	172	81	641	1109
1049	143	215	32	1282	373	261	78	651	1134
743	373	144	78	966	597	188	122	652	1134
112	1303	23	254	357	1543	69	300	657	1134
1338	40	248	6	1477	178	274	32	657	1135
1338	1027	248	188	1477	1165	274	214	657	1140
979	178	183	32	1204	402	226	75	658	1135
676	402	141	75	1100	828	234	168	659	1135
676	240	141	43	1100	666	234	136	659	1147
460	780	92	158	856	1108	168	224	660	1135
460	618	92	126	856	946	168	192	660	1147
57	967	11	195	480	1247	94	251	661	1135
57	805	11	163	480	1085	94	219	661	1147
59	1247	12	251	246	1415	49	283	662	1135
1171	1	229	0	1340	169	265	36	662	1136
773	1101	153	222	1322	1493	261	300	662	1147
59	1085	12	219	246	1253	49	251	662	1147
629	5	124	1	1318	439	263	89	663	1136
557	283	109	57	1230	641	244	130	664	1136
848	897	164	160	1230	1142	244	211	664	1151
569	859	109	173	792	1089	158	223	666	1136
563	17	108	3	792	251	158	53	666	1153
484	219	94	41	717	449	140	88	668	1154
64	437	10	85	351	719	69	144	669	1154
1184	935	228	185	1470	1219	282	239	670	1154
102	358	25	68	242	498	53	96	678	1161
1174	611	229	118	1536	884	300	172	679	1161
1	549	0	106	163	711	31	137	679	1161
1306	1376	260	264	1496	1565	296	300	683	1165
7	1246	1	236	137	1376	29	264	683	1165
978	1	189	0	1226	245	239	48	684	1166
248	56	49	11	1024	523	198	103	685	1166
273	428	57	82	788	655	159	129	686	1166
418	580	77	115	783	956	149	189	687	1166
111	956	22	189	402	1245	79	246	689	1166
111	1023	22	203	402	1312	79	260	689	1171
1	1245	0	246	131	1375	25	271	690	1166
1	1312	0	260	131	1442	25	285	690	1171
771	48	139	7	995	273	184	52	691	1167
771	127	139	21	995	352	184	66	691	1172
571	273	107	52	789	487	152	95	692	1167
330	408	62	79	683	783	134	153	693	1167
338	758	64	144	683	1127	134	217	693	1174
320	783	58	153	524	986	99	194	694	1167
320	1127	58	217	464	1270	88	247	694	1174
89	1127	18	222	228	1266	46	250	696	1167
89	748	18	153	228	887	46	181	696	1178
1091	1040	205	213	1309	1255	251	258	698	1178
82	41	15	10	459	353	94	77	701	1179
250	110	51	20	459	309	94	61	701	1181
91	335	17	73	410	646	82	134	702	1179
91	291	17	57	410	602	82	118	702	1181
1328	823	259	170	1525	961	300	199	703	1179
1	961	0	199	175	1134	33	232	704	1179
1379	1188	263	230	1554	1359	298	264	704	1186
1	1039	0	202	175	1212	33	235	704	1186
647	1340	123	261	879	1530	172	300	705	1186
525	118	103	24	728	320	141	62	706	1187
1353	461	251	90	1493	599	278	117	707	1187
1227	837	239	163	1433	992	282	196	710	1187
793	1104	158	218	1023	1281	210	259	712	1187
1328	364	257	71	1558	592	300	113	714	1195
956	592	186	113	1424	939	282	184	715	1195
626	857	121	167	967	1080	191	213	716	1195
1444	1214	272	238	1593	1363	300	266	717	1195
204	1230	38	241	448	1376	84	268	718	1195
1162	1	221	0	1307	144	247	26	718	1196
900	95	166	16	1226	414	234	83	719	1196
474	877	99	169	887	1172	181	228	723	1197
423	130	78	25	822	422	154	79	728	1204
515	468	97	93	722	673	136	132	731	1209
902	884	169	174	1034	1012	196	200	734	1209
283	1148	57	226	432	1295	85	253	736	1209
1220	1359	242	266	1358	1494	267	290	737	1209
224	382	49	75	629	702	133	143	744	1210
353	1024	72	200	629	1298	133	261	744	1214
16	1164	3	230	493	1430	101	287	745	1214
119	279	23	55	329	487	65	97	748	1215
119	155	23	30	329	363	65	72	748	1217
1	482	0	96	157	638	29	125	749	1215
1	358	0	71	157	514	29	100	749	1217
1157	775	224	153	1456	1070	282	209	750	1215
1184	1070	236	209	1336	1216	266	238	751	1215
306	1064	61	211	519	1273	101	251	754	1222
39	1273	7	251	251	1483	51	295	755	1222
1	556	0	110	107	662	21	131	760	1223
1065	760	204	149	1299	986	248	192	761	1223
1001	978	191	191	1212	1186	232	231	762	1223
632	1125	124	218	983	1315	196	258	763	1223
179	1266	35	248	567	1520	112	300	764	1223
163	24	35	5	305	180	61	34	765	1224
1204	379	235	75	1454	548	287	111	767	1224
1204	320	235	62	1454	484	287	97	767	1229
829	719	163	147	1244	947	246	196	770	1224
829	655	163	133	1244	883	246	182	770	1229
718	820	138	167	1040	1138	201	232	771	1224
718	756	138	153	1040	1074	201	218	771	1229
851	1105	166	225	1025	1255	201	255	772	1224
851	1041	166	211	1025	1191	201	241	772	1229
543	1	103	0	697	154	134	31	776	1230
356	106	69	20	594	361	115	71	777	1230
1355	412	264	81	1530	557	299	111	778	1230
1355	690	264	137	1530	835	299	167	778	1231
205	335	40	65	419	549	82	107	785	1233
7	490	1	94	257	771	49	149	786	1233
12	167	3	34	529	395	95	76	791	1236
1093	139	213	24	1263	306	247	59	795	1242
818	244	162	45	1057	488	208	93	796	1242
622	711	114	136	842	929	155	177	798	1242
504	929	96	177	779	1202	146	227	799	1242
1456	1331	262	249	1656	1529	300	287	800	1242
1104	156	207	30	1258	311	239	63	802	1243
1104	1087	207	212	1258	1242	239	245	802	1246
689	258	133	50	992	463	195	94	803	1243
689	1189	133	232	992	1394	195	276	803	1246
715	385	142	79	938	609	186	123	804	1243
715	1316	142	261	911	1513	181	300	804	1246
1	451	0	92	921	814	179	168	805	1243
601	726	123	149	925	1024	184	207	806	1243
763	475	156	98	925	633	184	126	806	1251
225	927	43	190	518	1243	101	253	807	1243
225	536	43	109	518	852	101	172	807	1251
51	1314	11	268	213	1476	42	299	809	1243
51	923	11	187	213	1085	42	218	809	1251
1311	1033	260	208	1522	1198	300	240	809	1251
601	23	113	4	746	167	140	31	811	1252
230	167	46	31	510	447	99	84	812	1252
230	533	46	101	510	951	99	181	812	1254
729	731	142	139	958	959	186	183	814	1252
307	650	56	125	801	1062	151	203	815	1256
797	987	156	187	1334	1323	261	256	817	1257
484	310	95	58	1334	960	261	192	817	1259
133	527	30	98	464	835	93	157	823	1258
939	1362	182	258	1139	1560	223	299	825	1267
977	1	190	0	1139	161	223	33	825	1269
382	126	71	22	594	336	111	61	827	1268
423	1058	78	207	594	1227	111	239	827	1269
272	535	57	99	819	746	157	137	830	1268
272	560	57	113	819	771	157	151	830	1270
783	1249	145	237	1032	1497	193	285	832	1272
876	351	163	71	1032	502	193	100	832	1275
335	50	63	9	534	244	100	46	834	1273
1440	318	268	58	1578	454	295	85	835	1273
1440	1041	268	202	1578	1177	295	229	835	1276
507	873	98	173	698	1062	135	210	840	1277
492	188	100	35	992	467	198	89	842	1278
472	430	88	82	863	728	163	139	843	1278
184	629	36	120	708	981	135	186	844	1278
21	884	4	167	365	1101	66	207	845	1278
21	558	4	106	365	775	66	146	845	1282
642	1166	119	219	833	1355	149	249	846	1278
7	1475	1	271	418	1627	79	299	849	1278
7	88	1	16	418	240	79	44	849	1283
157	1138	31	216	286	1266	54	239	854	1284
846	1281	167	241	1042	1441	207	273	855	1284
493	224	92	42	823	514	156	99	856	1287
176	128	33	24	435	385	81	72	857	1285
328	1	60	0	435	108	81	21	857	1288
1224	519	241	97	1439	732	282	138	858	1285
438	779	86	147	703	1024	136	193	860	1285
438	895	86	172	703	1140	136	218	860	1288
1084	242	196	43	1514	542	279	105	862	1290
8	111	1	20	300	398	55	74	862	1290
1079	173	195	33	1514	480	279	96	862	1292
143	180	24	34	300	336	55	65	862	1292
1073	524	207	101	1442	821	277	161	863	1290
1019	794	198	155	1258	1034	244	202	864	1290
580	981	111	192	942	1241	177	239	865	1290
606	1241	109	239	737	1372	135	265	866	1290
606	138	109	24	737	269	135	50	866	1294
1051	272	210	51	1203	425	239	80	870	1296
668	410	134	77	897	630	177	119	871	1296
668	1048	134	201	897	1268	177	243	871	1299
360	563	66	106	633	828	120	158	872	1296
360	1201	66	230	616	1450	117	279	872	1299
1302	940	253	179	1534	1142	300	221	873	1296
1302	12	253	2	1534	214	300	44	873	1301
589	1150	118	222	732	1292	148	252	875	1296
589	1339	118	257	732	1481	148	287	875	1303
490	1292	94	252	700	1499	133	291	876	1296
456	346	90	62	740	630	144	116	881	1306
456	614	90	112	740	898	144	166	881	1308
1120	814	218	156	1265	957	244	182	883	1309
1120	692	218	133	1265	835	244	159	883	1311
885	957	166	182	1141	1213	216	233	884	1309
768	1177	143	227	1048	1455	198	282	885	1309
768	1328	143	260	971	1530	183	300	885	1311
1148	165	218	31	1290	308	245	58	887	1310
1148	1007	218	191	1290	1150	245	218	887	1312
1179	1039	231	202	1461	1319	285	256	891	1310
1179	224	231	45	1418	462	277	91	891	1316
936	1254	194	243	1341	1542	271	300	892	1310
993	1226	205	245	1353	1507	273	300	892	1316
976	43	198	9	1255	315	250	61	893	1311
976	304	198	61	1255	576	250	113	893	1318
756	242	143	47	1031	509	195	98	894	1311
302	142	56	25	497	325	95	61	905	1322
1400	1158	259	215	1606	1362	300	256	906	1323
691	1190	128	222	1202	1508	223	285	907	1323
198	60	37	11	372	233	70	44	913	1325
961	527	204	102	1154	672	243	132	916	1325
961	1202	204	236	1154	1347	243	266	916	1329
816	657	166	129	1046	887	210	173	917	1325
1367	1147	260	221	1562	1317	298	254	919	1325
1367	1044	260	200	1562	1214	298	233	919	1331
563	1273	109	245	1061	1446	201	277	920	1325
563	1170	109	224	1061	1343	201	256	920	1331
580	1293	115	253	758	1471	149	287	921	1332
164	956	33	187	296	1085	59	213	922	1334
46	395	9	75	410	578	82	111	925	1333
56	986	12	184	380	1230	79	234	931	1333
935	1142	191	217	1408	1367	281	262	931	1333
935	152	191	32	1408	377	281	77	931	1338
177	39	38	8	380	240	79	49	931	1338
1084	1249	206	239	1210	1374	230	263	935	1340
260	287	62	60	407	433	95	94	945	1371
251	795	51	164	455	998	94	207	948	1371
251	365	51	69	455	568	94	112	948	1373
1220	1039	231	214	1395	1200	266	246	949	1371
1220	609	231	119	1395	770	266	151	949	1373
809	583	165	114	1024	756	207	148	954	1378
1026	1022	197	201	1213	1179	234	233	957	1379
1026	834	197	166	1213	991	234	198	957	1381
430	1088	82	214	826	1317	159	260	958	1379
809	196	152	36	984	369	184	68	961	1380
809	419	152	79	984	592	184	111	961	1384
865	493	182	94	1129	712	232	138	963	1380
415	655	84	127	662	850	133	166	964	1380
415	282	84	56	662	477	133	95	964	1385
468	850	97	166	679	1060	138	207	966	1380
468	477	97	95	669	677	135	133	966	1385
49	1006	9	195	379	1267	73	246	967	1380
167	703	34	148	379	910	73	187	967	1387
416	1092	91	220	535	1212	114	243	979	1395
26	1081	5	207	231	1284	47	248	981	1398
307	445	65	91	520	659	109	135	984	1400
307	41	65	9	520	255	109	53	984	1401
1218	982	229	201	1536	1223	290	247	986	1400
1395	1	262	0	1536	142	290	28	986	1402
785	1166	157	236	1010	1283	201	258	987	1400
785	85	157	17	1010	202	201	39	987	1402
308	1287	58	241	605	1488	119	282	990	1405
169	1	33	0	297	125	58	24	991	1406
75	53	15	10	297	273	58	52	991	1407
1088	241	214	47	1367	460	271	92	992	1406
421	342	84	68	903	638	181	124	993	1406
590	1315	119	257	885	1543	178	300	993	1409
276	580	53	115	630	816	124	162	994	1406
447	19	85	3	598	165	117	34	994	1410
42	780	9	154	329	1005	68	200	995	1406
42	224	9	46	329	449	68	92	995	1411
527	133	108	22	720	319	147	59	997	1412
527	1260	108	248	720	1446	147	285	997	1413
1	573	0	113	215	784	46	159	1000	1412
1142	905	221	182	1333	1096	258	219	1001	1412
1142	126	221	24	1333	317	258	61	1001	1416
595	1224	119	245	787	1418	157	284	1003	1412
595	445	119	87	787	639	157	126	1003	1416
346	850	66	171	481	984	91	196	1009	1413
346	1238	66	243	481	1372	91	268	1009	1418
1416	1205	273	230	1560	1349	299	256	1011	1421
533	1260	97	239	1071	1566	196	297	1012	1421
1284	498	232	95	1491	699	271	134	1014	1424
1277	34	244	6	1479	236	283	45	1021	1429
759	204	147	39	1076	436	208	85	1022	1429
1152	1	208	0	1362	206	247	39	1025	1432
293	199	58	38	497	402	97	77	1028	1434
711	625	136	109	912	821	173	146	1034	1436
280	705	55	140	625	904	119	176	1041	1438
385	45	76	8	620	257	125	53	1044	1440
440	735	93	146	759	1105	161	223	1054	1446
667	1310	128	252	867	1509	170	294	1058	1448
667	739	128	141	867	938	170	183	1058	1451
1341	158	253	32	1518	332	286	65	1060	1449
132	1	23	0	316	173	60	35	1060	1449
85	949	14	185	316	1144	60	224	1060	1451
1341	1129	253	221	1530	1314	288	256	1060	1451
127	1	23	0	362	231	65	42	1070	1456
37	85	6	16	362	404	65	75	1070	1458
268	402	54	73	405	536	83	101	1072	1456
268	358	54	65	405	492	83	93	1072	1460
57	1007	12	191	393	1340	74	253	1076	1456
1390	1340	256	253	1597	1544	300	297	1076	1456
1390	889	256	169	1582	1078	296	209	1076	1461
57	556	12	107	393	889	74	169	1076	1461
1085	57	212	12	1288	260	254	54	1077	1457
909	1139	175	227	1288	1428	254	288	1077	1462
21	11	4	2	1122	520	222	108	1078	1457
21	1179	4	236	919	1488	180	300	1078	1462
352	306	72	63	1004	821	204	167	1079	1457
1322	963	262	187	1518	1159	300	225	1090	1469
1	759	0	144	205	963	43	187	1090	1469
1433	514	260	100	1640	720	300	140	1092	1473
52	252	10	50	314	514	60	100	1092	1473
696	962	123	184	913	1178	159	220	1094	1473
1	1238	0	231	183	1418	36	267	1096	1473
1392	1311	263	256	1592	1499	299	291	1099	1475
1	776	0	143	160	932	30	173	1101	1476
1	1031	0	198	160	1187	30	228	1101	1477
336	1340	70	258	1011	1545	202	300	1103	1476
386	756	78	151	1089	1150	218	229	1103	1478
256	576	50	108	498	816	96	154	1107	1477
256	1174	50	229	498	1414	96	275	1107	1479
524	765	107	163	947	1143	190	234	1118	1486
533	1143	107	234	778	1387	154	280	1119	1486
303	1292	59	258	501	1486	96	295	1120	1487
687	960	141	170	823	1096	167	196	1123	1488
729	271	146	56	924	465	186	96	1138	1495
1102	494	213	97	1394	784	266	150	1142	1497
589	517	112	98	799	736	149	138	1146	1501
1349	799	262	150	1476	926	288	176	1147	1501
528	1216	103	234	830	1539	156	291	1151	1502
377	459	70	90	532	614	98	118	1158	1507
52	566	10	104	198	711	36	130	1163	1510
687	409	133	72	1012	735	196	135	1164	1512
1248	582	233	113	1517	880	288	174	1168	1514
1	395	0	76	190	582	37	113	1168	1514
530	346	100	66	667	482	126	92	1170	1516
1067	985	208	187	1280	1195	245	224	1175	1516
772	878	151	176	1186	1241	234	247	1193	1527
167	1009	32	201	885	1493	173	297	1194	1527
379	1	65	0	598	217	105	40	1195	1528
1061	357	199	68	1483	772	276	147	1196	1528
232	623	42	117	1306	1217	250	234	1197	1528
534	1134	104	219	919	1455	176	281	1198	1528
75	1341	15	257	612	1572	119	300	1199	1528
612	1	119	0	813	200	157	38	1199	1529
37	115	7	21	558	433	107	85	1200	1529
121	407	26	80	327	630	63	118	1201	1529
368	832	72	162	550	1014	106	194	1227	1546
536	1014	108	194	709	1186	140	226	1228	1546
1	1149	0	219	429	1437	78	271	1229	1546
1218	320	241	63	1487	585	294	115	1231	1547
403	681	85	134	759	986	155	197	1233	1547
510	986	99	197	808	1282	158	256	1234	1547
220	1282	41	256	347	1409	67	282	1235	1547
60	115	13	22	265	318	54	64	1238	1548
1089	482	223	98	1371	871	279	176	1239	1548
900	581	187	113	1309	793	268	154	1239	1557
772	1062	153	191	1013	1301	199	237	1349	1592
314	1235	57	224	586	1514	113	282	1350	1592
1372	41	252	8	1590	258	292	48	1351	1593
377	75	67	14	1029	407	188	77	1352	1593
256	480	54	90	473	695	94	130	1354	1593
860	1150	170	212	1147	1401	223	257	1359	1593
596	313	116	63	814	529	160	107	1366	1594
1	411	0	82	336	601	73	122	1367	1594
644	854	119	164	1084	1270	198	240	1402	1621
66	838	14	161	215	986	42	189	1412	1629
492	976	90	187	720	1209	137	236	1413	1629
34	1118	7	214	360	1338	75	260	1414	1629
814	753	154	148	1121	1049	209	203	1418	1631
33	629	6	124	253	846	47	165	1418	1631
565	1094	116	206	779	1303	157	247	1422	1632
896	792	170	152	1492	1138	288	222	1424	1634
1	686	0	132	272	954	52	183	1424	1634
1105	408	218	81	1377	626	271	121	1425	1635
537	685	109	132	674	821	135	158	1427	1635
1122	906	219	174	1460	1166	282	222	1428	1635
1122	1404	219	262	1402	1607	272	300	1428	1636
570	992	103	188	1201	1300	224	247	1429	1635
782	1300	151	247	1037	1553	203	298	1430	1635
782	192	151	35	1037	445	203	86	1430	1637
1	199	0	41	192	385	37	75	1433	1636
1	1230	0	246	192	1416	37	280	1433	1638
1	203	0	38	114	316	23	61	1436	1639
1287	1	253	0	1516	185	299	37	1436	1643
1208	244	235	49	1405	437	273	86	1437	1643
1026	735	192	143	1230	934	226	177	1440	1644
626	169	113	31	774	319	143	61	1445	1647
439	497	78	99	617	671	112	133	1449	1649
1350	782	252	155	1600	1031	298	201	1450	1649
423	142	82	26	543	262	104	48	1455	1651
266	709	43	134	812	1118	132	203	1460	1652
104	946	17	173	338	1178	58	214	1461	1652
485	33	92	6	699	245	133	47	1467	1653
114	170	24	31	404	421	78	77	1468	1653
1420	255	265	49	1535	369	289	73	1473	1657
1425	766	249	142	1686	1023	300	191	1490	1660
1470	1284	258	250	1686	1488	300	290	1490	1661
704	1134	137	212	922	1350	181	256	1492	1660
704	54	137	11	922	270	181	55	1492	1662
932	245	191	50	1172	486	236	95	1495	1661
932	498	191	102	1172	739	236	147	1495	1665
1291	864	249	161	1488	1060	289	201	1500	1669
676	951	132	177	1060	1262	209	241	1501	1669
7	902	1	172	428	1214	87	236	1503	1670
710	1	136	0	942	234	180	44	1504	1672
135	656	28	122	450	908	92	172	1510	1674
629	898	137	170	865	1150	184	220	1511	1674
44	1002	8	190	603	1391	121	270	1512	1674
61	1391	10	270	213	1542	40	300	1513	1674
1220	837	243	157	1448	1023	287	192	1515	1677
506	1359	87	259	833	1569	152	300	1521	1680
289	49	57	9	450	192	91	40	1522	1682
922	218	183	45	1092	394	216	79	1523	1682
413	332	84	66	729	632	144	124	1524	1682
1229	64	248	13	1341	173	273	37	1526	1684
139	712	24	146	480	962	96	200	1529	1684
42	962	7	200	322	1233	63	254	1530	1684
1	526	0	104	184	708	36	140	1531	1686
722	755	139	149	900	935	172	182	1532	1686
243	830	52	162	567	1144	113	223	1533	1686
48	1042	10	207	365	1354	75	272	1537	1688
402	104	75	20	832	773	157	147	1547	1692
16	706	3	134	588	1000	107	185	1548	1692
1173	682	225	127	1432	898	273	167	1549	1693
802	839	158	156	1062	1117	207	208	1550	1693
436	1026	80	193	775	1344	138	248	1551	1693
852	321	168	65	1067	533	212	109	1558	1695
767	139	150	26	1260	465	244	91	1566	1698
569	216	108	40	858	637	163	123	1567	1698
1242	223	235	44	1392	371	265	74	1569	1699
1070	754	207	149	1272	953	244	186	1572	1699
614	953	120	186	798	1136	157	223	1573	1699
832	941	174	180	1070	1168	217	222	1575	1700
527	899	95	173	809	1178	155	233	1579	1704
605	1008	114	199	876	1237	168	243	1583	1705
102	1110	18	218	600	1374	115	268	1584	1705
1386	781	258	151	1580	976	295	188	1589	1706
1386	1131	258	214	1580	1326	295	251	1589	1708
531	1050	99	201	957	1250	177	237	1591	1706
531	1400	99	264	957	1600	177	300	1591	1708
788	328	152	61	1512	521	294	98	1596	1713
1042	508	199	95	1210	634	234	122	1597	1713
303	649	59	130	543	816	106	165	1600	1714
1131	960	217	192	1330	1158	255	230	1601	1714
1119	1189	223	227	1383	1450	272	276	1605	1715
151	1192	29	228	1003	1576	189	300	1606	1715
509	11	90	2	856	263	156	50	1609	1719
252	245	49	46	459	422	91	81	1610	1719
226	773	44	155	378	922	72	183	1624	1725
1082	1109	204	216	1568	1511	300	294	1625	1725
1396	1	271	0	1559	161	300	29	1630	1729
1002	181	181	32	1285	458	236	87	1631	1729
658	385	124	73	854	604	163	116	1632	1729
14	507	3	96	478	809	92	155	1633	1729
1174	1386	231	253	1371	1583	270	292	1634	1730
537	1429	105	261	818	1623	160	300	1635	1730
45	426	9	87	261	639	51	129	1646	1734
289	1161	55	226	711	1386	133	269	1650	1735
66	1	13	0	224	156	41	28	1652	1736
29	1	5	0	261	230	47	42	1652	1737
112	625	21	113	579	903	105	163	1654	1737
465	1002	92	194	915	1301	178	253	1661	1738
75	1111	15	213	455	1510	87	290	1662	1738
505	103	100	19	790	384	156	74	1664	1739
855	572	162	107	1132	847	217	162	1667	1739
284	758	57	143	560	989	110	188	1668	1739
1190	1248	232	246	1350	1420	266	282	1688	1743
11	1306	2	258	748	1523	144	300	1689	1743
492	538	96	108	619	665	123	135	1693	1744
1385	538	273	103	1507	659	298	128	1694	1746
791	1359	145	266	934	1502	167	288	1755	1758
359	1193	73	230	612	1469	117	279	1777	1764
648	1176	123	215	924	1410	175	257	1810	1774
1234	524	230	105	1583	822	300	162	1874	1788
172	906	32	178	396	1062	75	209	1876	1788
30	1062	5	209	224	1255	44	248	1877	1788
1355	420	268	84	1461	526	292	108	1935	1811
643	584	121	119	938	855	175	170	1937	1811
809	84	156	16	951	244	184	49	2063	1853
