b1	b2	bw1	bw2	e1	e2	ew1	ew2	seq1	seq2
699	664	130	126	1083	1017	210	199	22	1
690	965	132	203	1466	1431	286	299	28	7
141	1080	29	236	345	1278	69	277	28	21
1161	1108	238	225	1366	1304	279	264	30	8
22	831	5	165	665	1121	136	228	30	8
529	556	108	120	1266	923	253	196	31	10
81	804	17	171	894	1310	183	278	32	10
782	478	158	95	1364	907	280	187	32	11
1	772	0	157	413	1167	87	245	33	11
413	1004	87	204	710	1223	151	253	33	12
1	538	0	107	189	697	39	141	35	18
946	1	192	0	1308	390	268	81	35	71
494	794	102	159	1399	1282	285	261	36	18
186	371	40	77	571	849	118	174	36	71
315	456	57	100	1477	1304	298	279	37	20
73	503	14	107	513	932	105	201	38	22
906	1	189	0	1176	370	240	70	38	24
68	617	12	123	418	969	85	196	40	15
552	186	112	41	1145	733	236	154	40	30
951	175	196	35	1403	630	289	128	40	31
1156	129	235	26	1447	386	293	77	41	32
1192	571	241	116	1462	843	300	176	42	32
334	626	61	128	610	1023	111	211	43	32
610	38	111	7	928	343	176	69	43	33
928	1204	176	256	1067	1342	204	284	43	37
73	627	14	127	616	1098	131	224	44	38
61	17	12	3	302	266	63	55	44	39
418	971	87	193	911	1477	192	300	44	39
911	1	192	0	1446	534	300	107	44	40
191	572	35	115	1006	1246	190	249	45	40
1173	1011	224	202	1512	1437	291	287	45	43
637	1	121	0	881	245	172	51	46	44
1	845	0	178	245	1118	52	235	47	49
218	369	46	75	552	734	115	151	47	50
458	472	95	97	1292	1341	272	278	47	51
1	368	0	76	244	635	51	132	48	52
373	1251	78	247	687	1509	142	300	48	59
120	1142	25	225	332	1337	67	264	49	60
297	1349	61	266	469	1497	94	295	49	65
1328	387	261	76	1521	604	300	120	49	72
469	990	94	206	968	1217	191	251	49	139
1	604	0	120	352	919	70	184	50	72
169	110	34	23	352	293	70	59	50	76
337	1119	67	230	1261	1342	249	276	50	140
70	129	15	26	510	407	103	84	51	153
520	1186	98	244	739	1446	144	297	52	136
7	1070	1	205	312	1353	66	265	53	148
322	814	68	163	1158	1396	242	286	53	150
922	741	191	155	1354	1072	282	222	54	269
192	465	38	96	529	804	112	167	54	269
1	771	0	154	246	992	49	199	55	271
344	634	67	138	852	1156	177	246	55	275
1007	641	205	131	1475	1047	300	210	55	278
1	1090	0	234	564	1397	112	300	56	104
564	1	112	0	954	391	196	84	56	105
1	398	0	86	231	610	45	127	57	105
51	611	10	126	522	1055	108	219	58	107
1043	63	215	14	1434	499	300	107	58	109
1	499	0	107	1175	1340	240	281	59	109
1105	470	207	97	1568	1031	300	211	60	113
1	1031	0	211	243	1271	50	261	61	113
706	903	134	174	1402	1401	281	281	61	119
88	1008	16	198	763	1489	156	300	62	119
763	1	156	0	1457	431	300	90	62	120
1	431	0	90	173	588	40	125	63	120
702	251	146	50	819	368	172	76	63	121
1162	654	243	128	1433	921	300	185	63	127
6	928	1	187	933	1490	185	300	64	127
933	1	185	0	1453	517	300	114	64	128
1	517	0	114	1040	1156	210	250	65	128
1040	1137	210	232	1353	1469	273	299	65	130
50	24	9	4	625	638	127	128	66	131
1097	128	219	24	1508	860	300	163	66	132
421	1060	77	201	781	1431	153	276	68	132
1	1117	0	221	312	1479	67	298	69	133
305	20	66	3	683	403	149	86	69	134
676	891	148	184	976	1171	208	238	69	155
1110	176	232	31	1423	494	300	99	69	158
676	933	148	185	880	1134	188	224	69	3397
648	772	142	151	880	967	188	189	69	3445
1	494	0	99	641	765	138	157	70	158
864	626	186	125	1401	1165	300	238	70	158
460	495	99	104	1363	709	293	147	70	176
653	1071	129	220	844	1246	169	257	72	164
53	890	9	184	572	1344	116	274	73	165
1024	434	199	84	1322	805	263	156	73	166
147	809	30	157	760	1538	157	300	74	166
760	1	157	0	1484	452	300	88	74	167
198	331	36	63	560	882	111	170	75	167
741	1	148	0	1052	358	212	71	75	169
173	154	35	28	499	490	104	97	76	171
1080	885	215	173	1434	1233	284	240	76	172
436	1135	83	223	813	1504	165	300	77	172
813	1	165	0	1493	855	300	172	77	173
687	59	138	13	1262	543	250	110	77	181
958	578	200	116	1184	1128	246	231	78	158
291	5	61	1	1184	709	246	147	78	176
1184	877	246	178	1446	1140	300	233	78	177
1262	78	258	13	1462	290	300	58	79	173
247	306	50	63	1027	742	209	154	79	180
1056	8	214	1	1462	425	300	88	79	181
555	726	111	147	1157	1004	237	206	79	3441
1	425	0	88	151	625	32	129	80	181
915	302	191	54	1235	586	254	110	80	182
1228	1390	253	266	1383	1559	285	300	80	182
1	42	0	9	125	166	23	32	81	183
125	800	23	152	911	1266	176	243	81	183
911	289	176	56	1589	522	300	101	81	184
472	1136	91	219	795	1458	157	284	82	184
1227	1	246	0	1482	240	298	48	83	187
98	232	20	47	272	421	57	88	84	187
689	20	143	3	1087	365	229	76	84	188
689	96	143	18	1312	820	277	167	84	189
315	448	65	90	832	1446	177	300	85	189
832	1	177	0	992	156	209	32	85	190
992	876	209	186	1425	1340	300	283	85	196
263	1	53	0	741	495	155	103	86	197
741	443	155	87	1102	853	230	171	86	198
111	937	19	201	305	1109	59	237	87	285
1	637	0	125	249	872	53	175	88	173
430	597	86	119	1039	1435	210	295	89	231
442	1	88	0	1274	987	259	208	89	260
346	628	65	126	561	819	108	163	93	228
303	310	62	60	1415	1303	289	261	94	230
1	74	0	14	251	377	53	77	95	245
550	921	116	185	836	1185	173	237	95	245
836	207	173	42	1318	686	269	137	95	246
114	597	23	119	994	1439	208	296	96	231
126	1	25	0	994	814	208	171	96	260
135	61	27	11	344	246	67	46	97	234
344	114	67	22	665	452	130	89	97	235
665	981	130	193	1252	1313	246	259	97	235
1076	880	211	174	1408	1272	280	254	97	242
56	1	8	0	1485	1103	300	221	98	257
814	799	167	158	1135	1136	236	232	99	248
12	1280	2	260	173	1469	35	300	99	257
814	822	167	172	1112	1197	232	251	99	260
19	1125	3	218	236	1325	48	260	99	333
814	622	167	128	1119	946	233	197	99	3400
1150	499	231	95	1454	801	293	156	100	254
103	1125	19	226	434	1466	92	300	102	250
831	42	164	7	1409	577	283	118	102	251
1043	1290	199	251	1296	1534	251	300	103	253
122	1112	25	223	588	1290	119	259	104	255
327	1154	61	227	592	1415	112	278	105	283
861	143	165	29	1168	809	227	155	106	284
1380	1050	273	213	1509	1183	300	241	107	293
6	1225	1	248	445	1448	89	294	108	293
735	704	148	140	1061	1035	214	205	108	295
943	1210	189	240	1255	1528	248	300	108	296
1185	1369	234	270	1320	1508	263	300	109	297
685	641	128	128	1185	1189	234	244	110	298
1	1137	0	232	191	1321	39	270	111	298
191	881	39	178	1137	1483	229	300	111	299
1137	1	229	0	1487	657	300	130	111	300
274	700	51	138	1050	1498	210	300	112	300
1050	1	210	0	1180	132	232	22	112	301
1	1023	0	210	828	1459	163	300	113	302
1287	928	257	186	1516	1164	300	231	113	303
828	1	163	0	1287	445	257	90	113	303
1	1164	0	231	422	1520	86	299	114	303
428	28	87	5	769	344	154	66	114	304
582	413	120	84	910	625	183	126	114	305
910	777	183	156	1471	1360	300	279	114	306
95	1	19	0	313	299	71	65	115	307
232	425	53	86	1423	1247	293	253	115	308
749	60	149	12	926	229	187	48	116	309
1195	615	240	120	1482	888	300	176	116	310
1	900	0	178	550	1442	111	287	117	310
1124	1039	224	215	1418	1337	287	278	117	313
349	617	72	122	916	1191	195	240	118	314
1	127	0	29	1065	911	211	189	119	320
729	1	146	0	1452	719	286	143	119	321
1007	712	185	142	1271	962	237	191	120	321
17	953	3	189	515	1489	97	289	121	321
929	1	178	0	1424	572	288	125	121	322
235	583	46	127	982	1420	204	300	122	322
982	1	204	0	1285	317	270	69	122	323
150	317	28	69	655	617	129	128	123	323
824	1323	160	256	1018	1503	199	292	123	359
1140	1	224	0	1499	854	297	170	123	362
1027	1096	200	214	1263	1327	248	260	124	365
94	1327	17	260	287	1521	57	300	125	365
890	1	177	0	1249	408	249	80	125	367
121	1067	23	210	796	1519	158	300	126	368
796	1	158	0	1414	499	284	101	126	369
5	809	1	159	272	1421	54	280	127	369
370	740	71	148	952	1405	183	272	127	370
908	568	176	114	1177	845	232	172	127	373
50	266	9	53	324	880	64	178	128	374
324	827	64	161	755	1271	156	253	128	376
1219	689	231	141	1578	1058	301	213	129	381
166	537	33	111	318	689	63	141	129	381
1	702	0	145	1022	1419	209	294	130	382
1163	123	239	21	1425	335	295	65	130	389
96	205	22	39	416	532	77	99	131	389
416	52	77	9	1294	563	247	112	131	390
1329	9	255	2	1505	177	291	35	131	394
1	745	0	149	319	936	63	188	132	394
25	525	6	92	751	984	152	187	132	396
1275	256	254	48	1490	470	300	94	132	398
951	1079	185	219	1221	1453	244	300	133	398
1350	239	267	43	1501	389	300	76	133	400
38	211	7	38	642	1085	133	222	134	400
22	85	4	17	888	837	176	169	135	401
935	424	194	88	1451	941	300	191	136	402
74	1	16	0	445	376	97	80	136	402
19	506	3	106	1547	1342	300	279	137	402
81	1	18	0	848	697	180	143	138	403
350	431	73	89	1233	1349	257	280	139	217
93	1	18	0	210	117	43	25	139	464
350	952	73	202	877	1406	184	300	139	465
210	269	43	54	431	446	90	91	139	465
877	1	184	0	1449	913	300	184	139	466
210	148	43	33	431	316	90	69	139	661
6	894	1	179	551	1454	118	300	140	466
782	952	160	208	1279	1392	267	300	140	467
1279	1	267	0	1438	146	300	29	140	468
1	146	0	29	138	280	29	58	141	468
138	322	29	67	931	892	190	186	141	472
33	785	7	152	588	1346	125	267	142	474
1150	910	239	188	1436	1241	300	257	142	475
1150	540	239	110	1436	864	300	177	142	524
33	1169	7	238	365	1463	78	300	142	575
365	428	78	85	588	618	125	124	142	576
374	90	75	17	684	339	140	69	143	476
1260	308	251	64	1516	553	300	110	143	476
763	728	153	146	1240	1199	244	237	144	476
66	1199	13	237	326	1503	68	300	145	476
326	1	68	0	1293	1214	274	257	145	477
812	1	156	0	1275	481	256	101	146	478
277	144	59	28	726	780	155	161	147	485
726	5	155	1	1433	441	291	87	147	487
726	1110	155	221	1388	1511	282	300	147	497
384	1261	68	255	586	1466	111	298	148	498
586	1	111	0	720	131	137	25	148	499
720	71	137	12	1049	536	209	112	148	500
1	758	0	147	456	1300	99	259	149	517
818	1	172	0	1242	429	259	87	149	540
99	303	19	59	573	860	122	177	150	585
573	68	122	12	1376	801	300	176	150	593
785	113	166	23	1376	673	300	150	150	596
498	910	102	188	781	1363	163	282	151	475
498	540	102	110	843	912	175	185	151	524
109	161	19	30	393	478	79	95	151	598
1	197	0	39	357	573	76	115	152	531
181	165	36	35	931	538	192	115	152	538
89	38	18	6	319	305	66	61	153	544
599	932	121	194	1102	1198	225	251	153	546
1102	1065	225	221	1408	1459	289	300	153	548
1	96	0	17	207	307	45	63	154	549
444	1150	93	236	753	1466	156	300	154	550
444	133	93	25	1365	779	285	156	154	553
5	795	1	159	240	1033	51	210	155	553
240	61	51	11	405	211	85	42	155	561
611	793	127	162	936	1131	195	233	155	574
1296	352	263	73	1473	529	300	110	155	575
5	701	1	141	240	1203	51	245	155	3558
142	1137	31	224	325	1320	70	263	156	474
28	38	6	6	430	703	94	142	156	576
318	151	69	29	1376	1049	286	212	156	577
1114	622	223	125	1480	996	299	205	157	576
283	1053	57	213	442	1199	91	244	157	577
442	1087	91	226	1029	1321	208	272	157	578
628	1	131	0	777	168	163	36	157	581
526	881	109	175	772	1293	162	260	157	616
10	329	2	67	1527	1237	300	250	158	581
1118	586	231	115	1427	925	300	191	159	2239
380	832	78	165	1005	1475	208	300	159	2322
1118	155	231	34	1427	473	300	104	159	2329
401	333	85	71	913	976	191	200	160	644
1091	621	227	119	1289	822	270	163	160	648
5	1226	1	256	244	1433	54	300	160	2239
1	473	0	104	319	790	68	171	160	2329
647	799	134	160	913	1139	191	231	160	3161
1	184	0	39	556	1157	111	239	161	649
567	953	113	198	981	1374	199	286	161	650
895	885	182	178	1211	1463	248	299	161	651
58	180	12	35	1210	1060	249	222	162	652
1210	1002	249	210	1442	1214	299	256	162	659
58	960	12	191	966	1477	194	300	162	3518
110	269	22	54	352	510	72	104	163	465
110	148	22	33	292	320	60	70	163	661
649	697	129	145	1362	1430	279	300	163	671
966	806	194	157	1453	1284	300	262	163	798
178	49	35	11	663	555	136	118	164	675
631	998	130	217	1009	1398	207	299	164	676
1009	9	207	1	1270	265	263	57	164	677
1	265	0	57	627	1103	136	237	165	677
723	90	156	17	1164	704	251	146	165	681
1	1042	0	224	450	1325	92	287	166	695
541	368	110	79	800	623	167	134	166	702
1208	602	249	130	1449	853	300	185	166	702
1	853	0	185	544	1385	117	300	167	702
544	1	117	0	1401	681	300	146	167	703
1	681	0	146	737	1429	152	300	168	703
1241	1113	256	222	1369	1243	283	251	168	712
1	320	0	62	249	479	51	95	169	713
65	987	13	197	590	1516	120	300	169	716
590	1	120	0	1437	503	286	102	169	717
1	54	0	13	919	901	198	194	170	719
696	86	150	17	1392	772	300	167	170	723
1	772	0	167	625	1357	125	291	171	723
468	32	95	6	1469	748	297	155	171	724
1	748	0	155	459	1458	93	300	172	724
459	1	93	0	1162	978	238	203	172	725
349	558	71	115	635	1219	131	253	172	729
1162	359	238	71	1304	494	267	100	172	731
1300	1102	266	220	1465	1277	300	255	172	737
33	456	5	86	914	1337	187	270	173	739
1197	1082	242	223	1400	1293	283	267	173	741
1197	261	242	53	1400	443	283	90	173	845
881	1075	171	211	1492	1500	295	300	174	742
254	1	49	0	881	594	171	116	174	742
319	414	62	81	786	881	164	181	175	745
654	1	135	0	1366	553	284	120	175	747
244	82	50	15	578	414	121	85	176	748
535	933	111	189	1069	1473	228	300	176	748
747	25	159	4	1431	487	300	98	176	749
1	487	0	98	1052	1325	213	271	177	749
1	483	0	101	442	970	90	202	178	752
398	256	81	52	757	644	157	132	178	756
888	21	180	4	1126	245	232	53	178	757
1042	1048	214	229	1396	1385	289	300	178	757
1	56	0	11	958	1408	199	296	179	758
958	13	199	2	1336	357	279	75	179	759
1249	1212	260	241	1427	1389	300	281	179	760
22	756	3	144	762	1429	152	282	180	761
990	531	199	112	1438	1124	293	238	180	773
117	1	24	0	789	431	158	90	180	3449
193	419	41	87	1001	1233	214	262	181	778
1011	1129	216	232	1229	1459	261	300	181	784
1229	1	261	0	1421	177	300	37	181	785
1	177	0	37	497	656	99	136	182	785
497	613	99	117	770	882	156	173	182	786
774	824	157	161	1144	1487	233	300	182	787
194	169	42	35	663	624	139	129	183	789
592	199	124	39	927	516	194	105	183	790
797	1013	166	207	1081	1411	227	291	183	790
68	1	11	0	657	542	135	115	184	792
587	78	120	17	1196	521	237	106	184	793
1196	1142	237	228	1435	1469	290	300	184	793
86	13	15	2	801	391	161	77	184	860
101	62	22	10	244	193	53	39	185	794
515	1024	110	207	950	1461	202	300	185	796
950	1	202	0	1453	131	297	27	185	797
813	1012	163	210	1214	1430	248	300	186	671
1214	1	248	0	1375	159	284	36	186	672
7	131	1	27	522	652	108	133	186	797
821	806	164	157	1375	1340	284	274	186	798
155	736	31	140	733	1176	150	232	187	803
586	216	121	43	1459	1191	300	247	187	805
1	1191	0	247	250	1425	55	300	188	805
250	1	55	0	1040	837	216	175	188	806
1040	1004	216	206	1243	1274	260	264	188	809
1243	99	260	20	1422	296	298	61	188	810
90	65	21	14	498	400	110	88	189	820
498	514	110	113	680	703	150	154	189	822
680	339	150	68	904	563	198	116	189	826
911	897	199	178	1307	1410	286	290	189	828
99	1	18	0	611	790	127	169	190	830
750	700	155	133	1457	1377	300	270	190	832
168	1186	34	235	537	1496	111	300	190	3547
1	1377	0	270	301	1510	62	300	191	832
301	1	62	0	405	102	85	23	191	833
405	605	85	124	919	1099	194	229	191	833
1013	452	212	90	1433	951	300	195	191	838
1	951	0	195	257	1194	50	242	192	838
250	1299	49	270	411	1438	82	299	192	841
1260	16	244	3	1530	311	300	64	192	953
5	320	1	66	934	835	185	175	193	953
945	1132	187	221	1150	1343	231	266	193	954
1270	31	256	5	1486	235	300	46	193	971
1239	818	249	172	1474	1067	298	223	193	990
23	1067	5	223	395	1412	82	294	194	990
703	932	144	192	980	1436	207	300	194	1099
980	1	207	0	1404	478	295	97	194	1100
1	1171	0	243	235	1427	52	300	195	1100
709	1275	148	274	853	1395	179	300	195	1127
858	915	180	185	1066	1137	226	233	195	1139
1066	1267	226	245	1339	1514	285	298	195	3461
18	38	4	9	414	364	84	75	196	1144
234	667	47	137	856	1406	174	288	196	1144
657	77	135	18	1430	813	292	162	196	1145
713	1	140	0	988	272	200	59	197	966
843	4	171	1	1444	693	300	142	198	1026
764	58	154	11	1344	532	278	109	198	3460
1	693	0	142	1113	1407	228	294	199	1026
1119	1	229	0	1439	393	299	81	199	1027
1245	246	257	48	1446	461	300	95	199	1424
1	1177	0	239	497	1475	104	300	200	1037
497	1	104	0	1055	614	226	128	200	1038
947	983	202	198	1296	1357	275	274	200	1038
57	1073	12	205	528	1525	112	300	201	1043
528	1	112	0	1049	623	221	127	201	1044
1140	383	237	72	1469	738	300	139	201	1056
1129	1	214	0	1358	220	262	46	202	958
997	31	188	5	1420	466	274	95	202	971
997	836	188	175	1549	1419	300	295	202	990
110	796	22	162	726	1474	135	285	202	1055
1	738	0	139	117	854	23	162	202	1056
5	534	1	107	844	1178	168	232	203	971
1351	1	273	0	1483	134	300	27	203	974
1267	1292	253	262	1485	1454	298	296	204	8
1229	700	245	143	1469	881	295	182	204	1242
292	119	63	26	843	819	177	171	205	3058
1155	607	238	125	1447	894	300	187	205	3058
299	566	64	116	843	1149	177	236	205	3237
1	894	0	187	482	1400	102	291	206	3058
213	11	47	2	909	1088	193	225	206	3059
5	659	1	136	674	1237	142	255	206	3237
904	1246	199	253	1223	1481	263	300	207	1617
705	210	157	45	1040	827	226	174	207	3112
1024	1234	223	228	1403	1577	302	299	207	3116
1024	700	223	145	1392	984	300	204	207	3156
1024	1227	223	253	1223	1438	263	296	207	3243
4	1	1	0	551	508	116	105	208	3117
675	1	138	0	875	241	178	48	209	2198
556	452	110	100	875	807	178	174	209	2237
556	914	110	192	968	1365	200	286	209	2482
563	468	111	104	858	781	175	171	209	3136
556	845	110	167	892	1061	181	212	209	3417
556	48	110	10	875	416	178	87	209	3648
1	932	0	183	306	1489	66	300	210	3137
306	1	66	0	467	149	100	31	210	3138
467	1170	100	242	693	1394	147	289	210	3139
903	1	185	0	1337	498	277	102	210	3140
1	498	0	103	137	619	29	129	210	3463
1	1388	0	267	149	1536	32	299	212	205
145	22	31	3	545	323	117	68	212	206
256	1115	57	229	560	1459	120	300	212	206
560	1	120	0	884	289	186	59	212	207
1278	12	262	2	1456	446	300	92	214	1890
1145	1059	244	224	1371	1296	289	271	215	47
23	903	4	174	454	1401	97	281	217	119
431	348	85	68	900	849	189	177	220	452
693	725	133	142	993	1148	198	233	221	2854
976	24	202	4	1214	274	253	56	225	216
180	242	35	49	1535	1182	300	239	226	216
608	134	120	26	1443	973	300	204	227	217
887	943	182	200	1443	1392	300	297	227	465
1	973	0	204	425	1444	87	299	228	217
480	433	98	92	1391	1161	289	243	228	225
15	1	3	0	335	282	68	57	228	466
671	81	138	15	1289	741	259	145	230	1728
330	6	69	1	1202	895	242	180	231	1730
1230	640	244	135	1473	848	293	177	233	1994
1270	13	251	2	1457	207	290	41	233	2300
311	1213	65	242	599	1498	124	300	236	1635
1301	47	260	9	1507	231	300	45	236	1636
1301	1125	260	220	1507	1315	300	257	236	2915
384	784	80	151	696	1125	143	220	236	2915
1	1144	0	231	257	1451	51	295	240	3470
790	14	159	3	1204	455	244	93	241	324
720	436	144	81	1323	1092	270	215	241	3457
630	310	127	68	954	600	190	126	242	382
1069	953	213	198	1384	1218	277	253	242	650
615	1136	127	235	848	1437	173	296	245	2115
608	220	126	43	1223	552	245	108	245	2318
1	880	0	178	308	1174	55	231	246	971
345	795	63	155	696	1131	134	223	246	3507
704	1082	148	213	1093	1470	231	296	250	190
200	941	44	193	468	1147	98	231	250	220
1	208	0	43	328	619	68	129	251	191
692	262	139	54	1482	1064	300	217	251	191
875	248	176	54	1229	608	250	131	251	3456
949	1	195	0	1378	427	283	87	252	749
427	5	88	1	803	180	163	34	252	3442
607	70	129	13	767	271	163	57	254	855
1	839	0	175	798	1313	165	271	255	2037
145	116	32	24	671	338	137	69	255	2180
74	1	16	0	671	258	137	52	255	2288
388	691	81	139	671	925	137	186	255	3641
376	201	80	41	749	520	155	107	257	797
904	1	185	0	1449	372	297	79	257	2212
708	472	147	94	993	678	204	137	257	2541
966	7	199	1	1457	293	299	61	257	2542
444	203	92	34	749	465	155	87	257	2940
1029	1005	212	210	1173	1154	243	242	258	1002
983	675	202	138	1297	1034	270	217	258	1066
983	1152	202	234	1173	1321	243	272	258	3554
51	590	12	112	513	1056	106	208	259	2630
153	445	33	91	589	1048	121	217	259	3699
1172	957	235	191	1499	1286	305	256	262	2447
1412	1183	270	231	1549	1323	300	262	263	2458
16	814	4	159	312	1121	62	219	263	2458
1	1118	0	226	440	1458	92	297	264	2322
1205	518	244	107	1461	791	300	166	264	3797
917	1	187	0	1070	152	217	29	265	3797
1	1101	0	231	354	1429	73	300	267	703
335	278	57	52	1467	772	291	158	270	412
335	1289	57	264	503	1449	94	300	270	2562
503	1	94	0	1467	341	291	70	270	2563
453	8	83	1	1166	416	228	86	270	2860
49	446	9	91	327	734	67	151	271	2563
829	131	173	28	1373	551	288	116	271	2564
428	273	85	59	832	727	168	151	272	2564
712	844	147	177	1383	1160	285	246	273	2564
21	989	4	209	450	1317	95	280	274	2564
766	823	158	159	1446	1350	305	273	275	2572
82	13	23	2	377	442	92	88	276	2573
387	1056	97	218	1050	1329	236	278	276	2573
285	1	58	0	462	156	92	30	277	2574
979	1135	202	225	1158	1304	241	261	277	2599
1293	1173	261	233	1466	1357	300	274	278	1812
82	1334	15	256	269	1522	56	297	278	2612
459	1	93	0	933	424	189	86	278	2613
933	166	189	32	1127	379	229	76	278	2614
1293	20	261	3	1440	171	295	38	278	2616
933	1071	189	209	1098	1242	224	246	278	2820
933	145	189	24	1098	309	224	59	278	3153
311	1038	65	205	1123	1488	227	298	279	2618
1152	26	234	6	1263	142	259	32	279	2619
149	735	29	146	596	1139	126	234	280	2622
603	371	127	77	883	674	184	138	280	2624
340	350	58	67	556	568	97	106	281	2627
556	1045	97	213	1188	1380	222	283	281	2754
1042	442	194	93	1539	951	291	196	281	2756
527	1137	91	230	1115	1471	207	300	281	2762
293	762	56	148	574	1044	114	206	283	2630
574	232	114	41	1166	532	237	106	283	2703
293	296	56	57	574	548	114	111	283	3422
125	511	24	105	574	990	114	205	283	3699
237	748	48	160	400	924	81	196	284	223
310	703	62	151	1002	1440	204	300	284	523
1002	665	204	130	1481	1202	300	240	284	1635
174	61	35	11	554	497	114	100	284	2728
1	1202	0	240	347	1498	72	300	285	1635
347	1	72	0	834	493	171	100	285	1636
834	817	171	154	1359	1356	277	264	285	1640
524	1072	107	234	834	1295	171	281	285	2106
139	784	29	151	745	1511	153	300	285	2915
21	305	4	61	331	490	68	99	286	1650
885	875	183	170	1184	1168	245	231	286	1713
1176	1213	244	247	1410	1473	298	300	286	1721
885	1126	183	220	1088	1433	227	285	286	1898
543	857	111	184	864	1200	179	257	286	3942
753	1108	149	219	1383	1351	281	268	287	407
1	1226	0	244	586	1500	114	300	287	1724
753	1225	149	248	1007	1474	202	300	287	1726
1007	1	202	0	1473	451	299	93	287	1727
753	1033	149	213	994	1259	199	259	287	2562
753	29	149	6	1454	310	296	64	287	3647
278	503	53	103	386	622	77	130	288	1727
538	31	110	5	735	231	152	48	288	1731
735	1154	152	239	1033	1446	215	300	288	1740
1033	1	215	0	1180	146	245	30	288	1741
1291	1	256	0	1502	214	299	44	289	187
270	1101	51	221	519	1365	104	276	289	899
1	907	0	186	270	1166	51	236	289	1741
270	549	51	112	476	755	94	155	289	1748
476	369	94	72	979	713	196	146	289	1793
270	928	51	187	476	1122	94	227	289	1941
270	1440	51	264	453	1607	90	300	289	1973
1198	1181	236	250	1434	1412	287	300	289	3456
260	1262	54	255	487	1470	103	300	290	3467
487	1	103	0	1016	664	216	137	290	3468
270	844	55	170	932	1440	195	294	291	207
557	1151	119	231	1086	1470	228	300	291	211
270	132	55	25	932	717	195	146	291	3473
557	58	119	10	1113	420	233	87	291	3477
323	624	72	123	769	964	166	194	292	373
123	1145	26	233	394	1456	88	300	292	3478
512	759	115	151	921	990	202	199	292	3479
394	1	88	0	502	105	111	22	292	3479
834	1	182	0	1284	434	281	94	292	3481
251	1277	51	250	520	1529	104	300	293	3482
1	374	0	74	251	657	51	132	293	3482
520	1	104	0	1036	662	212	134	293	3483
1036	1243	212	244	1226	1515	251	300	293	3483
1226	1	251	0	1465	307	300	62	293	3484
251	753	51	149	613	1100	122	218	293	3524
74	1276	16	247	569	1537	117	300	294	86
74	1428	16	274	460	1549	96	300	294	3485
460	1	96	0	683	224	139	43	294	3486
203	279	38	57	609	511	119	104	295	3490
506	659	97	132	1124	1444	230	300	295	3491
308	266	66	60	712	646	156	145	296	867
322	28	68	6	847	686	183	146	296	3496
993	243	208	47	1185	420	246	82	296	3497
1094	802	228	156	1437	1205	300	239	296	3497
744	600	157	124	1323	1200	280	251	297	1525
83	132	18	27	524	719	115	153	297	3498
744	1272	157	269	904	1423	190	300	297	3502
904	1	190	0	1335	480	282	99	297	3503
167	105	36	21	407	305	89	66	297	3573
412	1214	86	231	614	1406	126	269	298	3504
1	1023	0	207	233	1463	51	300	299	3508
326	1	70	0	654	300	137	58	299	3511
1011	433	211	85	1439	695	300	142	299	3516
737	57	155	12	1455	550	300	114	300	1536
52	867	9	180	330	1162	69	242	300	2012
1	695	0	142	773	1445	163	296	300	3516
542	363	112	70	912	867	193	178	300	3517
737	630	155	130	1455	1177	300	242	300	3519
14	550	3	114	286	991	62	205	301	1536
14	1177	3	242	155	1466	32	300	301	3519
155	1	32	0	1397	1237	284	259	301	3520
8	177	1	35	330	489	69	98	302	531
170	1001	34	206	837	1456	169	300	302	1666
837	1	169	0	1141	304	233	67	302	1667
1	390	0	77	1141	1370	233	280	302	3521
614	1216	119	247	818	1407	163	288	303	3526
749	998	154	203	1227	1207	249	246	304	3529
262	1278	48	259	467	1471	92	300	305	3529
1050	946	214	195	1363	1245	279	256	305	3530
467	1	92	0	755	260	155	56	305	3530
255	1234	47	244	546	1496	109	299	306	1538
559	1101	111	229	843	1350	172	282	306	2847
312	1	59	0	571	236	113	49	306	3532
559	353	111	74	843	593	172	125	306	3534
1199	1343	241	273	1344	1465	273	300	306	3536
94	1142	19	234	329	1365	69	278	307	3543
613	711	122	148	763	848	153	176	307	3544
763	841	153	175	1008	1074	206	225	307	3550
694	671	144	133	905	879	188	176	308	210
1247	347	262	65	1398	484	292	93	308	213
553	1005	113	210	694	1154	144	242	308	1002
499	671	101	137	694	864	144	180	308	1066
195	776	38	155	694	1321	144	272	308	3554
905	517	188	110	1122	805	237	173	308	3561
1247	974	262	197	1398	1109	292	224	308	3562
130	860	25	181	359	1411	75	293	309	3563
336	960	70	190	552	1161	117	235	309	3565
717	812	154	164	1211	1431	248	289	309	3566
552	33	117	5	752	351	161	72	309	3566
1322	978	269	206	1439	1094	296	233	309	3568
1125	813	240	176	1400	1047	300	226	310	3556
11	403	2	86	394	1366	86	293	310	3571
394	285	86	56	643	529	140	109	310	3572
972	289	208	57	1400	724	300	150	310	3575
256	246	53	47	486	508	105	104	311	3579
686	182	149	37	1432	864	300	177	311	3597
1	864	0	177	448	1362	95	284	312	3597
389	1070	82	218	682	1379	146	285	312	3599
570	69	120	15	1182	546	245	117	312	3603
1009	1002	193	214	1213	1195	237	255	313	3638
1009	1041	193	219	1249	1269	245	269	313	3653
647	974	132	198	1057	1396	220	286	316	150
210	422	44	83	483	707	102	145	317	929
960	38	197	7	1466	590	300	121	317	2813
982	6	201	1	1466	509	300	104	317	2854
1	509	0	104	343	823	67	165	318	2854
788	369	155	75	1210	796	242	164	319	50
1144	1	237	0	1426	284	294	58	324	2763
423	388	85	75	1314	1128	266	232	325	2416
1014	1	198	0	1190	170	233	34	329	2411
1021	790	209	162	1259	1034	259	213	330	2075
1021	1159	209	236	1259	1384	259	283	330	2282
199	487	40	102	662	885	138	184	330	2945
199	216	40	39	604	525	127	104	330	3251
199	443	40	88	719	909	149	185	330	3615
199	1247	40	243	719	1501	149	298	330	3632
199	406	40	86	600	757	126	162	330	3661
411	1034	81	213	1560	1394	300	287	331	2075
730	114	146	24	966	345	194	73	332	2076
130	1	24	0	318	182	65	38	332	2076
220	647	41	138	1049	1121	216	240	333	2077
1210	604	246	127	1464	862	300	182	333	2096
224	148	42	31	479	428	97	91	333	2283
49	692	10	142	501	1136	108	239	334	2108
488	1195	105	249	714	1441	152	299	334	2491
714	1	152	0	1319	739	281	155	334	2492
71	129	13	27	507	508	103	106	335	1087
903	274	188	56	1334	1126	278	230	335	1449
317	1320	63	262	473	1499	96	300	336	1466
1	66	0	14	288	367	58	74	336	1466
473	1	96	0	1237	727	248	143	336	1467
1	165	0	33	762	673	155	137	337	2113
762	710	155	143	1425	1437	296	296	337	2115
739	1019	150	211	1132	1426	237	299	337	2317
1168	14	245	3	1425	525	296	103	337	2318
250	38	53	6	644	521	137	105	338	2116
644	1098	137	227	957	1446	203	300	338	2118
950	1004	202	199	1453	1371	300	277	338	2210
250	432	53	83	651	831	138	164	338	2318
1242	515	256	101	1453	716	300	144	338	2540
1112	473	222	97	1484	901	300	185	339	2211
126	1	26	0	794	663	161	135	339	2211
134	701	28	141	794	1348	161	274	339	2540
1112	1159	222	235	1409	1474	283	300	339	2540
920	1174	183	235	1147	1482	231	299	340	2210
1	901	0	185	517	1484	101	300	340	2211
517	1	101	0	1132	608	229	125	340	2212
1	69	0	15	1510	1366	300	274	340	2541
407	1252	79	237	574	1569	114	300	340	3664
45	6	9	1	458	422	99	91	341	2212
227	589	48	121	855	1231	178	254	341	2212
752	590	159	124	1386	1262	287	264	341	2213
1	1374	0	275	115	1487	25	300	341	2541
115	1	25	0	1386	1277	287	261	341	2542
94	1156	20	241	455	1445	93	300	342	2213
455	1	93	0	1042	582	211	119	342	2214
1182	249	236	45	1478	546	300	106	342	2341
94	1165	20	237	443	1470	91	299	342	2542
443	5	91	1	1042	604	211	123	342	2543
6	108	1	24	245	803	55	169	343	2182
34	605	7	119	245	820	55	168	343	2347
763	820	158	168	1422	1484	289	299	343	2347
146	1	33	0	968	572	199	116	344	2348
173	490	37	89	564	922	117	177	345	2186
777	275	156	51	1244	634	254	125	345	2193
1244	166	254	35	1460	427	300	92	345	2194
173	555	37	110	580	965	120	193	345	2350
777	220	156	42	1460	966	300	198	345	2353
173	698	37	144	564	1095	117	225	345	2836
265	5	50	1	1083	580	226	125	346	1341
265	366	50	77	838	987	176	211	346	2188
1	427	0	92	265	672	50	138	346	2194
1	966	0	198	265	1215	50	245	346	2353
265	439	50	86	1006	1153	212	241	346	2356
337	780	65	151	1483	1505	298	300	348	3647
28	225	6	45	356	391	75	81	349	477
202	636	40	129	742	1251	157	261	350	2134
971	1063	205	215	1163	1269	245	258	350	2142
65	1270	10	240	356	1546	73	300	350	2174
356	1	73	0	742	381	157	81	350	2175
623	700	132	142	1086	1436	231	300	350	2176
971	93	205	17	1163	298	245	60	350	3307
1	684	0	143	355	1018	74	215	351	2182
1	72	0	16	125	270	26	56	351	2182
681	1418	143	269	824	1559	175	300	351	2197
824	1	175	0	1416	720	299	150	351	2198
681	452	143	100	1144	876	239	187	351	2237
1144	261	239	54	1416	511	299	109	351	2238
332	1114	70	224	541	1291	114	262	351	2240
681	914	143	192	1187	1430	248	300	351	2482
1187	1	248	0	1409	218	297	49	351	2483
692	468	145	104	1068	847	224	185	351	3136
681	845	143	167	1243	1155	259	232	351	3417
681	48	143	10	1144	485	239	100	351	3648
1	726	0	151	178	930	37	193	352	2198
171	1033	36	206	625	1477	132	300	352	2204
724	137	152	30	1022	366	216	81	352	2206
1022	1004	216	199	1245	1207	264	243	352	2210
1198	65	253	14	1417	285	300	62	352	2213
1	517	0	110	213	773	45	163	352	2238
448	732	95	145	724	968	152	193	352	2240
5	248	1	56	186	459	39	99	352	2483
5	288	1	63	1022	706	192	148	353	2213
48	856	10	179	586	1401	128	300	354	2226
586	1	128	0	731	144	159	31	354	2227
856	761	184	157	1121	1047	240	218	354	2236
1121	586	240	115	1394	870	300	178	354	2239
1121	155	240	34	1394	418	300	91	354	2329
856	539	184	113	1128	818	241	171	354	2434
1228	1	253	0	1348	122	277	24	355	2205
1	870	0	178	340	1433	74	300	355	2239
340	1	74	0	1406	1011	290	203	355	2240
1	418	0	91	430	807	91	174	355	2329
1	320	0	63	619	735	130	154	356	2247
998	7	205	1	1327	368	272	73	356	2249
713	920	151	173	970	1194	206	233	357	2006
397	812	82	166	713	1242	151	251	357	2258
1029	249	217	49	1222	500	259	102	357	2280
1	76	0	15	248	335	54	68	358	2037
256	116	56	24	446	338	94	69	358	2180
208	1	45	0	451	262	95	53	358	2288
472	329	99	70	1305	1190	266	239	358	2290
1191	792	240	155	1450	1053	293	210	358	2296
47	438	10	86	446	925	94	186	358	3641
472	1048	99	211	980	1490	199	300	358	3778
996	297	200	57	1358	604	277	126	359	2149
1093	4	222	1	1358	259	277	55	359	2310
136	593	24	123	310	762	61	159	360	2149
136	248	24	52	491	577	100	124	360	2310
1	742	0	153	803	1184	157	246	362	239
938	960	164	198	1585	1349	300	283	364	239
226	1	41	0	1543	723	300	146	366	240
1	723	0	146	907	1463	179	291	367	240
54	1	12	0	795	484	155	96	368	241
1220	370	238	72	1523	806	299	159	368	241
1	707	0	142	221	926	40	183	369	241
10	1	2	0	612	280	128	57	370	242
1	1329	0	260	183	1512	40	300	371	2902
625	27	123	6	1050	427	215	92	371	2903
99	427	19	92	907	911	182	194	372	2903
1	989	0	211	830	1426	162	300	373	2903
1	91	0	20	1303	1257	263	263	374	2904
450	1224	92	255	694	1452	140	300	375	2904
694	1	140	0	1208	565	247	119	375	2905
277	701	53	145	509	928	103	192	376	2835
103	558	19	118	929	1442	188	300	376	2905
929	1	188	0	1477	244	300	50	376	2906
24	248	4	54	199	451	40	94	377	2835
5	249	1	51	194	438	39	89	377	2906
551	438	112	89	1056	972	213	196	378	2906
1175	130	246	26	1372	327	291	71	379	596
148	972	26	196	475	1304	98	267	379	2906
369	20	74	4	1077	668	224	142	379	2907
804	968	172	194	1406	1294	300	265	380	1965
57	441	11	89	528	937	112	193	380	2134
456	12	96	2	804	512	172	107	380	2145
78	948	14	179	528	1319	112	259	380	2161
612	1	129	0	1096	475	232	101	381	1966
213	867	47	182	678	1400	144	291	382	1983
678	442	144	88	1443	824	300	168	382	1985
1	824	0	168	320	1145	66	233	383	1985
492	1017	101	214	1142	1314	230	274	383	1997
1142	1245	230	245	1328	1420	271	285	383	2002
331	115	62	24	586	514	117	107	384	2037
498	887	98	181	977	1352	199	283	384	2452
977	455	199	89	1487	963	300	189	384	2458
39	699	5	137	227	865	44	171	384	3538
1095	80	224	15	1295	248	267	50	385	2239
791	543	160	108	1095	800	224	160	385	2414
1	963	0	189	344	1323	70	262	385	2458
344	660	70	139	645	954	132	200	385	2463
791	1091	160	225	1142	1444	235	300	385	2470
1142	1	235	0	1295	134	267	27	385	2471
1302	908	268	190	1447	1078	300	227	385	2477
785	1264	154	254	995	1487	197	300	386	2381
995	1	197	0	1505	522	300	105	386	2382
1	1078	0	227	405	1445	81	300	386	2477
405	1	81	0	678	295	134	57	386	2478
1	522	0	105	606	919	119	187	387	2382
591	560	116	114	1479	1440	300	296	387	2387
137	914	26	187	384	1142	78	235	388	2388
413	66	83	13	652	304	134	64	388	2393
658	536	135	102	1077	969	222	192	388	2397
1153	291	239	54	1444	594	300	117	388	2410
1053	1154	217	230	1429	1512	297	300	388	3413
1	594	0	117	969	1364	191	273	389	2410
913	98	180	19	1282	549	257	112	389	2411
1282	849	257	178	1488	1083	300	227	389	2422
1	16	0	3	191	206	38	41	389	3414
145	768	27	148	1018	1490	207	300	390	2424
1018	1	207	0	1487	317	300	64	390	2425
1	317	0	64	202	528	42	108	391	2425
859	528	162	108	1281	1105	248	223	391	2425
1264	834	245	170	1542	1150	300	231	391	2428
1003	744	208	154	1254	1047	263	218	392	2236
328	1150	63	231	624	1482	126	300	392	2428
624	1	126	0	770	157	156	31	392	2429
777	1	158	0	1430	998	300	209	392	2434
1	998	0	209	972	1463	186	300	393	2434
972	1	186	0	1333	391	262	81	393	2435
1237	1132	260	226	1464	1362	306	271	394	2438
104	1024	22	220	421	1354	91	292	394	2445
634	497	133	101	848	699	176	141	394	2446
801	932	166	187	1133	1302	238	260	394	2447
1039	398	216	81	1273	605	265	124	395	2163
64	1024	14	220	403	1377	88	297	395	2445
380	497	83	101	594	699	126	141	395	2446
547	932	116	187	879	1302	188	260	395	2447
17	554	3	113	365	1152	70	229	396	2163
873	397	172	74	1212	636	237	121	396	2164
1	1136	0	221	396	1519	82	300	397	2006
396	4	82	1	939	679	196	144	397	2007
1267	407	260	84	1463	589	300	121	397	2012
1	589	0	121	419	964	87	199	398	2012
626	675	128	128	1425	1488	296	299	398	2014
357	20	66	4	1501	744	291	151	399	2015
120	1	27	0	471	394	106	89	400	1502
680	902	148	187	1381	1422	296	300	400	1509
489	585	98	116	901	1043	183	211	401	84
11	1290	2	254	160	1444	34	287	402	85
955	1	185	0	1388	413	276	86	402	86
209	413	43	86	498	705	99	142	403	86
92	692	19	140	870	1537	170	300	404	86
1081	6	211	1	1226	181	239	35	404	90
1226	1091	239	237	1439	1275	285	278	404	92
761	1	149	0	1125	272	220	53	404	3486
813	1173	161	233	959	1324	195	268	405	1812
1236	1113	251	223	1364	1239	279	251	405	1862
813	20	161	3	1023	248	209	53	405	2616
19	65	4	13	373	882	76	184	406	1863
1228	509	251	108	1445	724	300	156	406	1874
1228	438	251	90	1433	618	297	129	406	1902
1228	915	251	182	1445	1079	300	218	406	3769
44	36	8	7	612	191	121	40	407	1876
745	356	144	68	1257	896	251	183	408	1884
19	180	3	32	196	356	39	68	408	1884
1	87	0	20	510	598	104	123	409	1887
216	358	41	77	929	1143	190	238	409	1888
1049	300	214	62	1479	576	300	119	409	1889
1	581	0	120	794	985	145	199	410	1889
1058	1	203	0	1453	383	286	80	410	1890
26	169	5	35	863	898	167	180	411	1890
1043	883	205	171	1379	1146	276	227	412	1713
1	875	0	162	718	1603	137	300	412	1892
1043	1134	205	221	1482	1507	297	300	412	1898
1043	369	205	75	1387	637	278	131	412	3742
1	15	0	3	880	516	172	100	413	1899
1069	1	213	0	1349	518	269	107	413	1901
1117	744	235	151	1430	1088	300	223	414	408
215	594	42	121	1025	978	215	205	414	2860
215	1040	42	197	1090	1508	229	300	414	3646
530	1274	108	253	751	1489	158	300	415	409
751	1	158	0	1073	248	224	48	415	410
236	1096	52	217	682	1499	141	297	416	1661
685	1	142	0	1307	606	266	121	416	1662
50	355	12	72	324	604	66	123	417	1663
1084	859	211	175	1382	1098	274	224	417	1669
104	142	22	28	443	482	95	101	418	1673
443	435	95	80	1435	1384	300	274	418	1676
104	987	22	199	269	1158	57	235	418	3743
272	1	58	0	1049	706	220	148	419	1680
1049	1390	220	261	1211	1569	256	300	419	1694
1	1190	0	251	244	1430	50	300	420	1695
542	555	110	113	1418	1160	300	245	420	3820
902	216	186	42	1395	733	295	154	420	3821
1	1160	0	245	268	1429	55	300	421	3820
4	337	1	71	597	779	120	163	421	3821
1150	708	235	149	1463	1006	300	212	421	3821
1	1006	0	212	412	1422	86	300	422	3821
412	1	86	0	543	132	114	28	422	3822
268	1	47	0	791	541	162	119	423	1305
1264	1087	258	221	1462	1271	300	260	423	3020
1000	705	216	149	1194	883	257	187	424	1553
157	1005	35	207	567	1343	126	282	424	3042
880	542	189	106	994	651	215	131	424	3738
1	347	0	71	183	556	38	115	425	1424
190	151	39	31	1413	1343	289	276	425	2806
250	1	50	0	1413	1427	289	300	425	2840
1164	624	235	133	1413	895	289	190	425	3369
49	430	11	92	601	1003	131	212	426	2808
217	526	50	101	1053	1380	225	288	426	2842
1047	1077	224	229	1410	1438	294	300	426	2845
229	1046	44	212	657	1473	133	300	427	2846
1287	431	263	84	1485	622	300	118	427	2849
58	725	11	142	783	1489	162	300	428	2854
688	260	142	54	1046	640	217	133	428	2908
1	303	0	60	653	1053	134	211	429	2916
930	670	186	135	1388	1161	284	238	429	2925
930	921	186	198	1200	1162	243	250	429	3199
544	1101	110	221	1063	1462	215	296	430	899
1134	782	229	156	1429	1079	289	212	430	901
1295	892	261	187	1481	1068	300	225	430	904
109	948	21	184	380	1199	81	240	430	1513
487	512	100	106	760	759	155	156	430	1748
544	928	110	187	760	1126	155	228	430	1941
544	1440	110	264	732	1607	150	300	430	1973
248	1068	49	225	394	1214	80	256	431	904
394	211	80	39	620	433	130	89	431	918
1	979	0	204	400	1399	84	291	432	1526
365	1145	77	233	707	1377	147	283	432	2756
707	1281	147	262	887	1456	186	300	432	2757
887	1	186	0	1279	403	277	92	432	2758
1	433	0	92	270	690	56	146	433	2797
1	408	0	80	334	712	69	143	433	3683
1	986	0	205	236	1228	49	256	433	3688
334	288	69	61	665	593	141	127	433	3694
628	863	133	173	886	1133	187	230	433	3696
1258	892	261	178	1435	1062	300	216	433	3697
679	723	141	139	824	858	171	166	434	1956
1	1062	0	216	363	1450	75	297	434	3697
224	192	46	39	562	552	117	114	434	3698
535	445	111	91	679	599	141	124	434	3699
671	127	139	24	886	336	183	66	434	3704
907	31	187	5	1102	227	228	47	434	3712
1095	85	227	19	1429	332	299	74	434	3717
723	1	145	0	1329	664	273	141	435	80
5	75	1	15	216	267	46	56	435	2571
10	1093	2	231	228	1313	48	277	435	2758
10	885	2	184	221	1082	47	226	435	3717
332	103	63	20	1304	1016	269	218	436	2759
761	491	159	99	1275	956	263	194	436	2761
1227	917	252	180	1440	1137	300	230	436	2762
761	804	159	164	1227	1133	252	233	436	2777
119	1	25	0	520	402	110	82	437	2763
525	1	111	0	675	151	141	29	437	2778
820	1	170	0	1114	290	229	59	437	2784
114	845	19	172	386	1213	82	256	438	1843
691	414	140	86	1471	1176	300	241	438	2730
364	675	71	141	1113	1436	225	297	439	382
1	1176	0	241	175	1348	34	274	439	2730
1165	1052	233	221	1354	1252	272	262	439	3190
96	629	19	126	463	1026	96	209	440	1938
449	154	93	29	871	579	182	115	440	1942
720	914	150	185	1116	1229	229	247	440	1943
931	482	193	101	1471	1042	297	210	440	1946
848	167	174	33	1049	371	217	77	441	423
1214	432	253	85	1389	625	286	122	441	425
1	573	0	110	278	854	54	165	441	1956
448	494	91	103	787	836	164	176	441	2945
448	223	91	40	782	521	163	103	441	3251
410	443	83	88	787	828	164	170	441	3615
410	1251	83	244	690	1509	143	300	441	3632
410	406	83	86	782	757	163	162	441	3661
31	11	7	2	282	274	56	54	441	3704
535	586	112	118	1346	992	278	205	442	430
525	1042	109	216	934	1449	193	300	443	433
1	29	0	6	367	300	76	62	443	433
934	1	193	0	1452	711	300	142	443	434
1	711	0	142	607	1069	121	213	444	434
507	1	99	0	1482	1349	300	273	444	435
627	180	124	35	973	552	196	112	444	3445
95	972	19	198	270	1331	57	273	445	436
262	945	56	186	770	1366	158	271	445	438
770	220	158	45	1133	834	237	175	445	440
1133	675	237	143	1428	956	300	203	445	442
888	866	188	173	1087	1496	231	300	446	451
568	93	119	18	818	345	172	72	446	451
1087	1	231	0	1366	559	294	116	446	452
434	1007	86	201	831	1426	170	290	447	453
938	583	194	116	1465	838	300	167	447	2819
1	383	0	77	323	799	68	168	448	2614
1	1358	0	270	148	1500	31	300	448	2820
148	1	31	0	323	163	68	34	448	2821
662	1	126	0	1015	340	202	74	448	2823
1165	936	231	196	1484	1207	300	254	448	2837
687	23	143	5	980	524	206	107	450	852
794	116	166	27	1142	616	241	135	452	719
191	755	40	152	568	1343	120	274	452	849
84	104	16	22	218	246	43	50	454	863
218	757	43	154	740	1355	153	280	454	863
536	755	109	152	800	1008	167	208	455	849
704	529	146	111	1050	958	220	203	455	853
1017	341	213	71	1196	535	251	113	455	854
1196	322	251	64	1425	537	300	110	455	856
800	1107	167	220	1017	1276	213	257	455	3549
55	614	11	128	606	1156	128	242	456	859
451	13	93	2	812	346	166	69	456	860
918	1	186	0	1483	624	300	126	456	863
1	624	0	126	223	861	48	176	457	863
131	987	28	217	449	1288	96	281	457	866
443	1213	95	264	602	1385	129	300	457	867
652	361	140	74	768	475	163	97	457	869
1009	1123	211	229	1345	1460	282	300	459	1595
563	7	118	1	1009	416	211	86	459	1596
275	1	58	0	657	509	140	107	460	602
657	1177	140	230	802	1335	168	261	460	603
216	246	45	54	657	693	140	148	460	623
921	345	191	71	1309	653	273	132	460	624
1141	166	237	32	1347	379	280	76	460	2614
31	935	6	182	348	1214	75	239	460	2942
1141	145	237	24	1318	309	275	59	460	3153
139	422	26	83	503	707	104	145	461	929
503	568	104	118	1083	1275	225	259	461	934
134	472	27	99	1577	776	300	157	462	1489
180	16	37	4	1577	248	300	46	462	1492
616	384	121	75	1347	697	270	144	463	1487
1	776	0	157	244	1018	45	202	463	1489
1	248	0	46	265	504	49	93	463	1492
609	238	120	53	1347	519	270	115	463	1496
1071	197	215	40	1427	555	289	114	466	406
306	1155	60	235	620	1458	128	300	466	1487
90	423	16	88	432	622	89	130	467	406
383	640	74	134	1344	1188	260	244	468	406
511	301	103	59	850	647	174	131	469	1347
390	473	77	98	523	605	105	126	469	1541
893	1015	182	212	1233	1442	254	299	469	3395
1140	95	234	16	1432	361	297	72	469	3396
896	236	185	46	1223	618	255	125	470	215
1	1104	0	234	115	1219	24	258	470	3396
178	582	36	112	486	847	101	167	470	3398
413	221	84	45	974	950	202	197	470	3399
725	124	149	26	1223	833	255	171	470	3405
1152	954	239	197	1326	1125	276	233	470	3411
205	1049	41	212	620	1436	126	290	471	3429
1180	368	232	74	1515	695	300	142	471	3436
789	553	164	115	944	746	196	155	472	180
108	1	22	0	401	283	83	59	472	3438
430	1	89	0	789	356	164	75	472	3440
796	726	165	147	1128	1049	234	216	472	3441
1128	978	234	197	1371	1229	287	252	472	3442
104	144	21	30	409	450	85	93	472	3455
1097	1	233	0	1416	326	300	68	473	1493
1	166	0	35	433	677	95	150	473	3444
311	1	70	0	868	461	185	97	473	3449
792	18	169	3	1013	210	214	42	473	3450
1	326	0	68	596	848	121	169	474	1493
382	399	75	83	485	501	98	106	474	3449
1074	1	207	0	1270	216	250	42	527	8
210	182	42	35	631	592	124	114	553	141
1236	70	249	14	1369	191	277	39	623	366
1288	1312	247	268	1444	1468	279	300	636	1138
1444	1	279	0	1565	122	300	21	636	1139
1	122	0	21	271	392	54	75	637	1139
747	330	139	69	919	502	173	103	645	649
564	804	107	165	798	1038	154	212	653	745
1149	779	240	157	1447	1028	300	206	669	971
1	1028	0	206	143	1174	24	231	670	971
1044	48	206	11	1506	509	300	104	686	2854
1136	204	226	42	1495	563	300	116	697	3939
374	858	73	178	571	1047	114	218	710	2236
374	618	73	130	689	921	139	193	710	2434
374	961	73	191	578	1150	115	229	710	2438
709	785	146	160	879	1034	180	210	713	2779
251	276	50	57	799	685	161	140	722	2563
1	45	0	7	663	707	131	138	749	3531
859	479	170	94	1025	642	204	128	766	3514
1227	500	244	105	1478	759	294	156	768	2212
1179	1221	234	246	1445	1487	288	300	768	2541
459	1106	93	230	937	1453	190	300	769	2212
520	1281	101	261	710	1454	139	296	772	1726
520	86	101	19	736	275	143	57	772	3647
1078	994	212	213	1482	1341	297	285	774	3638
809	884	157	185	1382	1327	276	280	774	3653
1199	1042	241	222	1366	1195	276	255	775	3638
1199	1090	241	230	1452	1327	294	280	775	3653
111	1	24	0	395	157	83	33	775	3654
1028	343	193	64	1201	515	226	98	814	141
1158	731	219	147	1315	891	249	178	834	2425
441	724	94	146	897	1354	180	264	841	86
307	506	63	112	653	1049	132	221	870	1496
