b1	b2	bw1	bw2	e1	e2	ew1	ew2	seq1	seq2
838	1	166	0	1148	142	231	32	33	28
357	1163	67	212	595	1495	111	270	39	31
1	1085	0	191	442	1632	87	300	154	62
520	636	100	123	1265	1528	249	300	180	72
107	22	22	4	605	448	116	83	191	76
5	383	1	66	444	795	83	146	228	91
99	691	18	135	474	939	95	185	298	113
805	808	159	151	1100	1110	218	211	315	119
924	85	173	17	1590	775	300	148	325	123
1	819	0	157	694	1541	138	300	326	123
19	1196	3	238	293	1510	52	294	347	131
238	1	44	0	1174	657	218	121	347	132
832	20	159	3	1129	359	220	71	365	139
669	14	119	3	978	353	176	67	378	145
987	1135	186	224	1404	1479	273	297	431	169
47	738	9	157	999	1424	203	300	449	183
882	609	164	119	1430	1091	265	211	462	195
39	752	7	140	380	1276	72	233	495	231
928	1047	182	190	1369	1377	270	253	502	235
27	927	5	181	670	1370	134	268	504	236
353	668	68	118	1020	1468	188	267	514	246
307	267	62	51	623	608	125	117	537	268
137	50	24	8	1544	658	295	126	544	273
638	920	119	181	1205	1540	222	294	564	290
163	414	32	79	467	746	95	147	563	291
1277	781	235	154	1608	1152	300	224	564	291
762	713	155	135	1346	1358	269	261	570	295
7	138	1	27	653	824	128	159	571	296
180	257	34	52	396	507	81	107	586	312
1110	12	219	2	1482	351	299	76	602	324
914	453	179	82	1111	703	217	129	629	344
330	409	64	79	1224	1443	242	283	638	352
825	615	165	118	1250	1132	256	216	647	357
807	249	151	47	1485	635	282	122	649	360
37	1	7	0	1533	1190	300	237	660	370
1	1190	0	237	139	1329	28	265	661	370
972	104	184	21	1516	633	281	121	667	376
428	578	79	115	800	1032	156	209	672	379
146	238	28	49	860	740	164	143	675	380
219	102	41	21	542	417	96	73	676	381
1380	747	258	151	1584	1022	300	205	684	385
1	1022	0	205	381	1475	79	300	685	385
184	1217	35	223	437	1597	87	300	688	387
440	4	88	1	691	254	136	48	688	388
1172	1	226	0	1555	454	300	89	690	389
1	454	0	89	659	1176	129	233	691	389
682	367	140	72	1183	915	242	187	692	392
220	255	38	48	634	978	122	185	699	393
91	218	18	46	805	867	161	174	706	397
313	876	58	167	723	1579	134	300	709	399
723	1	134	0	1518	1238	293	239	709	400
777	922	153	185	1207	1315	239	265	713	404
613	1114	123	211	872	1574	175	300	723	409
1030	239	205	46	1497	803	299	160	723	410
36	756	7	150	198	978	42	196	724	410
527	1027	101	190	888	1272	169	236	728	414
1128	611	216	116	1592	1038	300	192	728	415
12	611	2	116	220	1477	46	280	729	415
249	1	51	0	503	288	98	55	729	416
135	1	24	0	334	249	62	47	730	417
25	416	4	72	806	1186	151	216	746	427
833	1268	160	241	1000	1546	195	298	762	439
287	661	55	122	624	1022	123	193	764	440
352	783	69	158	1092	1501	211	296	768	444
1179	1	228	0	1395	207	270	40	768	445
682	809	136	160	1064	1309	210	256	771	445
40	24	7	4	692	549	132	104	779	453
658	1332	124	240	1344	1662	248	300	796	472
279	527	54	97	649	895	130	171	809	479
15	466	3	97	234	671	45	136	809	480
458	727	92	137	569	851	115	163	815	482
1091	258	203	47	1569	639	300	123	816	483
465	711	90	142	734	1166	142	228	819	486
1114	464	203	90	1544	862	285	167	820	487
264	18	52	4	1611	1188	300	217	826	490
34	1	6	0	1152	1466	237	300	827	491
1152	1	237	0	1453	608	300	129	827	492
1	608	0	129	641	1372	125	281	828	492
585	565	107	104	1185	1031	222	188	836	496
35	999	7	207	404	1368	81	283	851	504
108	150	19	34	1233	1351	248	280	852	504
390	1154	77	213	614	1386	120	257	860	508
704	804	137	171	1106	1405	223	300	860	510
1106	1	223	0	1490	390	300	77	860	511
1	390	0	77	936	1473	190	300	861	511
936	1	190	0	1499	617	300	121	861	512
1	617	0	121	155	993	32	201	862	512
1245	929	222	190	1678	1287	300	255	866	514
51	170	9	36	313	586	61	117	867	515
21	872	4	173	641	1481	132	300	868	515
646	1	133	0	1504	626	300	119	868	516
1	626	0	119	761	1505	151	300	869	516
761	1	151	0	1555	1112	300	208	869	517
624	341	115	63	1132	1234	214	241	880	523
753	789	142	150	1501	1471	293	287	882	524
664	887	125	174	941	1242	183	249	885	526
64	130	11	28	394	472	80	99	887	530
760	501	148	102	1494	1202	295	239	899	536
1	975	0	178	567	1104	107	204	906	539
1400	1085	273	220	1539	1233	300	248	926	558
285	778	54	144	745	1084	147	207	945	568
1433	169	268	33	1583	314	300	64	954	575
175	966	31	184	878	1404	156	263	969	586
1320	23	235	4	1681	432	299	78	969	587
1	442	0	80	362	738	71	137	970	587
951	1225	178	225	1295	1592	243	295	971	587
637	1242	128	251	860	1465	175	300	992	614
860	1	175	0	1475	554	296	111	992	615
9	561	1	112	895	1220	188	255	993	615
1427	808	270	177	1578	1027	300	222	995	616
805	147	158	27	1539	892	300	170	997	618
1	892	0	170	535	1299	98	244	998	618
796	1057	156	209	1187	1492	236	299	1012	628
1107	1	220	0	1505	456	300	91	1012	629
6	473	1	94	647	1048	126	210	1013	629
144	7	25	1	624	582	119	114	1015	630
429	1079	84	204	874	1519	180	298	1017	630
425	996	79	192	889	1546	175	300	1021	632
136	1	26	0	641	392	124	73	1025	635
1086	1165	206	220	1249	1347	237	254	1026	636
905	658	178	122	1432	1136	275	215	1027	636
1197	411	221	80	1611	739	300	146	1065	668
1	739	0	146	516	1461	109	299	1066	668
722	642	138	120	1239	981	230	177	1089	682
1344	24	244	5	1583	326	291	64	1099	688
276	255	50	46	931	1026	169	196	1102	690
310	1165	61	232	588	1379	116	274	1143	708
953	470	196	92	1196	686	244	137	1156	716
619	117	121	23	896	339	173	67	1172	729
792	1182	155	241	1028	1485	201	300	1197	744
607	5	121	1	788	196	154	37	1197	744
1163	628	230	125	1504	1113	300	222	1197	745
299	23	59	4	895	462	172	92	1200	747
1260	993	243	187	1520	1339	293	257	690	755
356	625	73	115	1002	1566	200	300	1210	755
985	9	197	1	1479	573	300	117	1210	756
1	573	0	117	539	1210	105	240	1211	756
5	565	1	111	272	843	49	161	1212	757
1101	83	197	14	1527	567	289	113	1220	762
1	340	0	66	932	1189	178	232	1230	765
1043	428	200	83	1425	771	268	145	1240	771
707	342	138	71	1487	903	288	183	1242	772
611	1	115	0	934	381	181	77	1251	774
1046	865	190	162	1454	1322	271	249	1254	775
850	317	158	62	1523	742	292	151	1267	780
773	751	144	136	1581	1586	300	299	1272	782
1	11	0	2	363	369	66	67	1273	783
179	522	37	106	648	1171	125	226	1274	784
1057	1	198	0	1599	596	300	112	1276	786
1	596	0	112	936	1578	174	297	1277	786
164	309	36	66	1074	1439	219	298	1301	802
99	1180	20	234	347	1460	70	292	1306	804
885	857	166	156	1148	1094	214	197	1317	810
340	16	64	2	1564	992	300	187	1327	815
172	1	33	0	1529	1087	300	209	1328	816
1	1099	0	211	607	1559	113	297	1329	816
495	1	95	0	1239	890	230	158	1329	817
433	477	79	95	1305	1045	243	203	1341	824
80	1313	14	268	240	1471	46	300	1350	828
1131	24	217	5	1479	329	282	65	1358	832
786	831	156	157	1226	1281	239	241	1367	834
1323	269	256	52	1524	476	300	96	1369	835
723	37	144	6	1525	1098	300	209	1387	841
1	1098	0	209	334	1474	63	282	1388	841
1	621	0	121	321	877	66	171	1402	848
1066	620	199	121	1548	1002	291	193	1408	851
1286	724	241	139	1570	1008	300	199	1424	860
242	38	43	7	746	531	146	104	1425	861
226	424	41	85	689	1132	136	229	1429	862
85	1395	15	251	301	1612	59	292	1440	866
138	91	25	21	582	488	113	95	1440	867
421	425	75	85	674	697	123	138	1450	871
409	705	68	131	1353	1563	251	300	1453	872
660	1201	133	222	1085	1346	219	254	1452	873
593	19	105	3	996	424	178	76	1458	875
696	315	139	64	1277	782	260	163	1472	881
1331	1281	258	261	1530	1436	300	293	1474	881
958	497	184	99	1570	1177	295	233	1481	885
296	792	56	163	897	1244	174	248	1498	894
619	875	122	165	1318	1525	260	298	1504	897
163	1	33	0	615	424	122	85	1507	899
610	441	115	88	811	686	156	135	1508	899
212	138	40	26	757	700	148	132	1544	915
723	1	140	0	1590	608	300	111	1558	921
12	1160	2	209	270	1406	54	258	1561	921
1018	964	194	192	1179	1145	227	229	1563	923
21	13	4	3	782	474	149	90	1565	924
424	840	80	160	868	1029	169	196	1575	929
87	486	16	91	631	951	120	177	1576	930
248	595	52	113	1130	1086	241	222	1588	934
223	184	41	33	1385	1000	265	189	1589	935
1199	160	221	29	1592	985	300	194	1590	936
1	1008	0	197	347	1539	67	300	1591	936
347	1	67	0	741	566	140	105	1591	937
780	1360	147	270	942	1506	180	300	1591	937
942	1	180	0	1415	853	270	169	1591	938
191	980	38	185	434	1339	84	253	1595	941
962	300	183	59	1550	1228	300	240	1595	942
429	352	82	66	814	1386	160	271	1596	943
1317	1	250	0	1568	264	296	49	1597	944
56	365	12	70	211	547	40	103	1598	944
832	225	163	43	1533	941	300	183	1596	946
1	941	0	183	547	1530	105	300	1597	946
547	1	105	0	701	267	135	51	1597	947
1231	811	229	159	1587	1151	300	227	1598	947
6	1157	1	228	369	1519	72	299	1599	947
1273	1273	242	247	1563	1459	300	285	1602	948
1195	864	233	163	1480	1219	291	235	1603	949
129	533	25	107	1135	1181	226	242	1621	955
1270	197	235	38	1587	470	296	89	1630	959
1119	726	219	134	1285	913	256	173	1636	962
855	1005	161	189	1456	1546	276	291	1637	962
476	1	89	0	862	587	162	109	1637	962
365	735	72	139	1059	1594	199	298	1638	963
1059	1	199	0	1556	773	296	147	1638	964
175	1330	31	251	405	1560	80	300	1639	964
23	563	4	105	696	942	144	182	1640	965
77	400	15	69	753	680	136	117	1653	976
39	798	8	152	404	1088	82	209	1658	977
641	788	125	149	1423	1376	272	264	1660	978
74	1165	14	224	445	1560	84	297	1662	979
1012	1	197	0	1518	421	291	80	1662	980
294	1351	57	249	622	1609	115	300	1664	980
622	1	115	0	833	217	155	40	1664	981
362	960	71	177	837	1372	164	256	1673	985
1306	317	245	65	1486	473	280	95	1679	989
372	18	76	3	637	376	132	79	1686	996
140	190	27	35	1197	993	229	189	1687	997
346	347	65	68	675	983	126	189	1691	1000
153	807	27	155	780	1184	154	230	1699	1004
919	245	168	44	1652	633	300	114	1703	1007
1079	484	206	97	1532	1140	300	235	1713	1014
1	1140	0	235	259	1444	55	300	1714	1014
259	1	55	0	368	110	79	24	1714	1015
811	391	150	69	1428	1050	268	197	1719	1018
699	837	136	176	1084	1240	213	254	1720	1020
545	430	111	92	774	647	159	138	1764	1020
207	101	41	20	1134	1190	235	244	1721	1021
369	916	69	161	1225	1656	227	294	1727	1024
651	811	128	160	1483	1233	300	247	1730	1025
1	1233	0	247	361	1506	72	300	1731	1025
361	1	72	0	1495	806	300	165	1731	1026
1	806	0	165	277	1078	57	221	1732	1026
8	338	2	68	570	797	108	152	1733	1027
109	662	22	132	895	1506	176	297	1734	1029
132	300	25	52	1161	1507	232	300	1743	1036
1161	1	232	0	1375	235	278	50	1743	1037
900	29	185	6	1158	214	240	46	1885	1037
1	72	0	14	185	245	36	48	1746	1040
458	49	100	10	637	301	138	63	1748	1041
1283	491	240	88	1577	787	300	149	1751	1044
129	721	27	140	955	1121	189	216	1754	1045
465	498	81	91	921	1082	168	200	1763	1053
503	1230	102	227	948	1589	195	300	1764	1053
1001	89	205	17	1394	462	283	89	1764	1054
449	556	84	103	1170	1147	222	214	1766	1055
419	426	86	87	695	734	140	148	1780	1063
260	588	53	122	755	799	154	167	1780	1065
1	1010	0	208	501	1340	98	273	1781	1066
891	1098	166	209	1362	1563	261	300	1795	1075
1362	1	261	0	1561	212	300	41	1795	1076
77	225	15	43	425	673	83	134	1796	1076
199	1107	35	217	440	1337	84	264	1799	1078
851	775	162	147	1123	1006	216	192	1804	1083
27	1160	4	226	363	1522	72	300	1812	1088
1131	205	213	34	1296	454	245	80	1818	1099
146	1142	28	205	595	1616	115	299	1819	1099
654	462	117	87	1585	1250	300	244	1820	1100
17	561	3	116	272	865	58	182	1824	1103
35	340	6	67	351	766	62	147	1828	1106
1101	532	214	108	1466	992	288	199	1828	1107
401	251	71	51	853	397	166	83	1828	1108
535	1078	98	218	930	1449	173	288	1829	1108
1121	122	226	25	1480	390	294	78	1831	1115
482	1230	92	219	1021	1574	191	280	1834	1116
344	5	69	1	1176	508	236	104	1835	1117
962	1	182	0	1460	435	286	93	1845	1122
605	1095	122	217	1056	1364	207	270	1846	1122
260	953	53	193	631	1467	127	300	1851	1128
636	92	128	19	778	249	157	50	1851	1129
903	1048	183	205	1372	1469	274	288	1851	1129
974	972	186	175	1472	1607	283	300	1853	1130
554	38	106	7	760	239	145	46	1858	1134
9	1377	2	252	262	1628	47	296	1860	1134
414	1096	85	211	1149	1553	230	300	1861	1135
1149	1	230	0	1495	466	300	97	1861	1136
1	466	0	97	399	1010	81	203	1862	1136
1	1112	0	221	395	1473	78	294	1865	1137
366	193	72	41	959	847	193	175	1865	1139
38	516	7	95	329	808	67	155	1876	1147
184	388	33	69	712	897	129	162	1884	1151
940	954	184	185	1364	1415	275	283	1743	1152
141	57	26	10	1202	1505	248	300	1885	1152
1042	1136	209	210	1353	1583	270	300	1686	1155
709	922	139	170	1020	1258	199	235	1894	1155
1	166	0	31	307	373	62	73	1902	1165
457	810	88	158	917	1194	176	231	1905	1166
41	973	9	194	613	1520	122	299	1909	1173
11	212	2	34	665	629	115	106	1913	1176
212	1323	39	242	838	1520	162	283	1916	1178
126	627	24	121	542	1206	112	238	1917	1179
623	167	117	33	876	499	169	102	1931	1186
636	198	120	38	853	409	167	84	1959	1197
1218	124	220	23	1595	339	295	70	1960	1198
1	915	0	166	376	1299	74	242	1984	1208
433	96	87	18	1374	1287	260	236	1990	1211
249	1	53	0	607	366	124	74	1992	1213
144	686	24	130	358	858	70	165	2024	1225
976	175	181	34	1234	429	233	84	2030	1232
191	472	36	94	581	693	113	137	2064	1240
176	124	38	22	730	368	143	70	2080	1249
805	1256	151	237	1070	1571	203	298	2126	1266
892	465	178	90	1335	960	264	184	2131	1268
219	552	44	112	1107	1254	230	260	2144	1276
635	207	122	40	958	662	184	128	2153	1281
17	142	3	28	1218	1127	230	218	2154	1282
662	551	135	108	1348	969	269	192	2165	1287
359	444	71	89	1173	1515	231	300	2168	1288
1173	1	231	0	1549	369	300	69	2168	1289
8	369	1	69	1433	1514	270	284	2169	1289
1097	160	220	30	1485	669	300	130	2170	1290
274	70	54	13	544	329	105	61	2171	1291
6	802	1	152	688	1254	134	233	2172	1291
816	361	154	71	1507	1222	287	236	2173	1292
13	1222	3	236	171	1373	34	266	2174	1292
669	37	134	7	1535	1098	300	211	2174	1293
736	52	137	9	895	260	169	53	2175	1294
457	147	95	30	1387	896	286	176	2178	1295
793	18	157	3	1114	337	222	66	2184	1297
561	1312	109	255	863	1541	171	299	2186	1298
15	300	3	62	662	1009	132	197	2192	1303
219	121	45	23	800	781	167	155	2194	1304
1318	506	252	102	1557	758	300	150	2126	1311
631	1002	121	197	1437	1400	284	279	2204	1311
472	563	95	110	1404	1513	283	300	2205	1312
417	987	84	196	601	1168	122	232	2207	1313
717	444	140	85	917	618	182	121	2123	1316
892	801	168	154	1521	1498	300	290	2211	1316
1089	67	209	13	1531	604	296	122	2214	1318
162	942	33	179	617	1133	114	214	2221	1320
534	81	99	16	1091	385	209	79	2233	1326
376	168	71	35	1071	1100	207	214	2237	1327
1174	897	220	168	1298	1021	245	193	2236	1328
399	653	69	132	1022	1321	191	261	2253	1340
1050	230	197	47	1552	740	300	147	2253	1341
1	740	0	147	159	911	34	184	2254	1341
910	644	179	130	1444	1006	279	196	2255	1342
378	455	78	93	646	748	131	151	2277	1354
1	599	0	113	529	1279	102	242	2297	1368
1194	990	231	197	1365	1535	264	300	2314	1377
1124	593	217	119	1294	790	251	158	3973	1377
1035	74	213	12	1245	428	257	85	2318	1381
1137	1053	210	192	1565	1512	292	278	2327	1385
33	817	6	167	634	1494	112	285	2334	1390
32	357	6	71	827	1496	161	300	2336	1392
696	1	135	0	1063	620	207	125	2336	1393
640	955	120	187	788	1132	152	225	2357	1404
76	271	17	55	458	570	91	113	2361	1406
42	1	9	0	477	493	96	96	2379	1416
643	888	123	163	1262	1515	245	285	2396	1424
435	761	89	151	897	1307	184	261	2398	1425
1132	908	233	173	1357	1180	278	228	2398	1426
1080	1106	214	224	1487	1454	295	289	2400	1427
63	55	13	11	1018	492	192	96	2402	1429
386	203	72	38	1036	468	196	88	2429	1462
856	417	165	78	1245	652	242	123	2449	1473
416	1069	83	204	776	1459	149	274	2458	1477
1048	281	205	51	1525	835	298	159	2482	1499
1	853	0	163	171	1137	32	219	2483	1499
202	431	38	87	1409	1468	288	298	2483	1500
40	961	7	185	505	1427	99	277	2487	1502
198	939	37	170	603	1392	118	259	2490	1504
19	917	4	179	611	1557	121	300	2491	1505
618	211	118	42	986	770	187	146	2514	1515
1041	141	198	29	1448	1191	284	233	2514	1517
703	959	132	186	1278	1544	249	300	2509	1527
389	1101	74	198	806	1546	151	276	2516	1529
736	13	139	2	1534	523	298	102	2527	1536
266	469	54	100	964	1280	195	266	2535	1539
670	1312	137	256	864	1512	179	300	2550	1548
864	1	179	0	1467	721	300	145	2550	1549
1	721	0	145	748	1489	151	300	2551	1549
748	1	151	0	1465	878	300	176	2551	1550
999	1331	209	267	1184	1506	244	300	2550	1551
874	1020	167	198	1153	1405	223	277	2562	1559
1046	909	212	175	1385	1215	282	239	2565	1561
641	111	123	23	1129	597	216	117	2572	1564
1	1373	0	260	187	1547	40	296	2573	1564
192	11	41	2	816	467	163	92	2573	1565
63	256	12	52	582	730	107	136	2575	1568
1	369	0	68	518	1200	99	228	2578	1572
656	190	126	35	1408	640	281	121	2586	1576
1050	1191	205	233	1175	1308	231	258	2593	1578
1	985	0	199	317	1317	64	265	2600	1580
899	606	178	122	1321	1020	264	205	2601	1582
812	73	153	15	1362	956	266	200	2604	1585
282	796	58	163	776	1388	157	288	2617	1595
688	632	140	128	1402	1334	275	265	2630	1604
563	81	105	14	1359	888	259	168	2633	1605
629	1021	125	222	950	1324	185	278	3020	1609
1208	1209	243	243	1479	1470	300	299	2643	1610
789	185	157	37	941	353	188	73	2643	1610
556	149	112	29	1279	551	257	111	2645	1612
1265	910	244	172	1556	1324	300	252	2648	1613
160	1	31	0	994	709	201	144	2649	1614
386	6	78	1	639	242	128	46	2652	1616
801	986	159	194	1345	1414	268	281	2653	1616
1	87	0	18	729	1003	148	204	2654	1617
63	290	13	56	688	986	144	197	2655	1618
40	83	7	17	939	1125	184	231	2657	1619
174	283	33	56	1231	1316	243	261	2658	1620
89	1232	18	230	295	1557	56	291	2663	1622
750	1202	138	227	1395	1574	269	300	2666	1623
1111	1036	211	202	1576	1446	300	283	2670	1625
224	1048	46	205	929	1455	190	288	2673	1626
264	1	50	0	790	732	149	147	2679	1630
1124	387	219	81	1511	718	300	152	2682	1631
601	1077	114	215	1190	1408	228	277	2684	1632
467	1	94	0	1027	447	205	92	2690	1636
743	750	135	147	1051	1193	196	234	2693	1638
330	357	65	66	729	721	141	135	2694	1639
108	233	19	45	648	927	129	182	2695	1640
789	902	148	169	1298	1445	244	272	2698	1642
1159	253	216	45	1530	540	287	100	2701	1644
32	801	5	148	893	1271	159	231	2702	1644
293	305	55	62	1038	1067	199	213	2703	1645
649	749	120	142	1235	1403	233	269	2719	1653
288	1360	54	268	457	1527	86	300	2964	1664
457	1	86	0	654	192	120	33	2964	1665
54	1014	9	193	606	1302	113	245	2736	1684
693	825	136	162	1176	1452	231	283	2738	1686
330	1264	58	237	563	1600	108	300	2742	1688
101	228	18	46	1096	929	217	188	2745	1690
78	353	15	63	656	1121	132	217	2749	1691
1267	575	241	111	1572	861	300	166	2747	1692
1	877	0	169	658	1520	135	300	2748	1692
668	156	137	28	984	461	203	92	2748	1693
785	912	157	187	1535	1281	300	259	2749	1693
507	37	102	7	1220	615	235	113	2761	1703
283	971	54	186	489	1384	95	265	2764	1704
430	931	88	180	1053	1546	204	295	2768	1710
1195	104	228	19	1503	289	287	54	2768	1711
1	717	0	139	350	1148	76	226	2770	1711
920	610	182	119	1335	1136	261	216	2774	1714
154	416	31	80	1257	1541	239	289	2778	1717
750	152	148	30	1158	595	229	114	2780	1719
827	1	156	0	1553	897	292	171	2783	1722
1033	35	199	7	1561	455	298	84	2784	1723
1	799	0	156	705	1234	132	238	2785	1723
17	169	3	32	518	511	105	101	2786	1724
795	633	154	124	1009	952	193	182	2788	1726
1130	562	204	96	1591	1011	290	181	2793	1733
880	418	176	80	1222	830	241	160	2796	1735
15	918	3	176	456	1552	88	298	2797	1735
294	1103	58	217	738	1508	149	300	2800	1737
460	402	92	77	1395	1538	271	294	2804	1739
120	738	21	139	768	1576	138	290	2806	1740
20	658	3	124	406	1134	78	216	2813	1745
31	909	7	179	381	1124	85	228	2819	1748
1003	1097	180	211	1469	1257	268	243	2824	1751
725	144	135	29	1513	562	291	114	2826	1753
512	1	100	0	1447	1093	294	229	2836	1761
1	1198	0	250	204	1435	41	300	2837	1761
172	867	35	171	403	1045	83	210	2837	1762
1	1097	0	203	262	1261	47	234	2838	1766
1	770	0	155	615	1542	114	296	2839	1767
733	422	136	86	1438	1455	280	300	2839	1768
1	92	0	21	876	953	180	196	2840	1769
1004	526	207	109	1352	895	278	186	2840	1771
894	743	180	150	1197	1304	245	265	2841	1773
223	49	48	8	742	255	149	52	2841	1773
326	254	65	43	745	885	145	168	2842	1774
12	273	2	51	609	711	112	127	2847	1778
738	899	148	180	1300	1477	262	291	2860	1796
465	258	95	53	1009	855	202	171	2860	1796
1186	54	233	12	1514	387	300	79	2861	1797
47	461	9	94	547	1222	108	241	2862	1797
1115	27	217	5	1524	465	294	92	2862	1798
807	656	150	130	1372	1274	266	259	2868	1802
676	510	127	101	1553	1221	293	230	2877	1809
1257	213	237	43	1437	378	269	72	2879	1812
238	1031	45	201	477	1455	95	284	2881	1812
745	252	148	52	1472	881	294	175	2881	1813
95	317	17	61	1417	1514	273	292	2884	1815
344	189	60	37	743	469	138	92	2891	1820
879	1026	163	198	1560	1569	293	300	2891	1820
706	869	135	169	1263	1341	244	261	2896	1823
451	1275	88	241	737	1559	147	300	2894	1824
160	614	28	114	827	1300	152	246	2897	1824
737	1	147	0	1420	692	296	151	2894	1825
802	820	147	178	1236	1283	239	271	2897	1825
595	400	114	69	1351	941	251	165	2900	1828
214	328	41	63	597	733	113	137	2901	1829
1	796	0	159	1486	1326	291	265	2904	1830
379	7	70	1	1155	774	217	144	2907	1834
851	1	158	0	1054	572	191	89	2912	1836
6	1347	1	238	362	1671	66	295	2913	1836
451	1	84	0	1093	879	206	164	2913	1837
765	517	146	108	1568	1462	300	290	2915	1840
878	726	171	144	1395	1475	268	284	2917	1841
1	1070	0	205	398	1559	78	300	2925	1847
569	819	113	155	1210	1622	226	296	2931	1851
9	827	1	157	566	1355	105	256	2932	1852
332	701	65	139	1357	1236	268	240	2935	1855
767	1	137	0	1454	571	273	107	2939	1858
1192	732	219	135	1532	1343	289	252	2945	1862
777	69	150	13	1224	941	237	183	2949	1864
503	9	95	1	948	443	177	83	2950	1865
1361	36	247	7	1623	248	298	47	2954	1870
829	984	149	187	1184	1211	220	230	2955	1870
396	938	78	179	870	1324	173	248	2963	1879
1	140	0	25	283	415	53	77	2964	1880
430	200	85	42	1205	496	229	101	2965	1882
1170	24	237	4	1438	255	292	51	2968	1883
797	90	148	15	1371	693	252	123	2973	1890
11	860	2	157	755	1666	139	300	2974	1890
755	1	139	0	1614	1346	300	249	2974	1891
1	1346	0	249	242	1592	43	293	2975	1891
242	27	43	5	1021	1582	190	299	2975	1892
312	37	61	8	571	369	112	74	2977	1894
699	1208	137	241	1073	1440	217	293	2977	1894
1	1080	0	207	363	1569	73	300	2980	1896
363	1	73	0	1238	1023	241	206	2980	1897
1	758	0	137	783	1407	142	258	2986	1901
1027	13	192	2	1207	138	226	27	2986	1902
736	564	141	110	1522	1080	297	212	2987	1902
598	821	121	165	800	1024	160	204	2991	1903
1088	297	213	63	1513	817	299	163	2993	1905
903	626	177	123	1531	1262	300	247	2995	1907
1	1262	0	247	250	1516	45	293	2996	1907
829	342	160	70	1538	804	300	167	3000	1912
260	219	52	41	1108	1517	218	298	3006	1915
1124	617	222	121	1502	989	299	196	3005	1916
1	989	0	196	269	1227	54	244	3006	1916
54	222	10	40	1198	1282	241	253	3007	1918
26	972	5	198	528	1373	105	277	3010	1920
426	44	83	9	1023	850	204	169	3010	1921
196	706	43	138	1120	1490	230	296	3015	1924
158	814	34	167	813	1448	171	299	3017	1926
336	322	66	64	987	1128	200	223	3018	1927
960	398	201	78	1205	749	248	146	3019	1928
309	1	62	0	540	248	107	49	3020	1929
375	919	69	173	1075	1414	200	267	3030	1935
1201	887	228	174	1597	1194	299	228	3793	1936
39	1	6	0	911	465	157	82	3037	1940
1115	46	220	10	1481	345	294	70	3042	1942
780	1	150	0	1490	630	292	124	3043	1943
894	173	179	36	1466	672	290	130	3044	1944
812	6	159	1	1137	320	221	60	3045	1945
91	222	17	44	214	530	41	105	3046	1947
102	1	21	0	366	245	67	43	3048	1949
99	1292	21	252	701	1478	142	288	3049	1949
884	34	179	7	1321	484	274	103	3049	1950
367	934	70	188	678	1307	128	257	3052	1950
1261	702	230	130	1572	1026	300	202	3055	1952
197	72	36	14	464	292	82	50	3055	1952
892	416	183	78	1177	660	237	124	3056	1953
52	290	9	55	254	652	49	124	3066	1958
556	994	101	179	1304	1560	239	278	3068	1959
86	476	16	88	981	1437	179	266	3070	1960
1129	1236	214	235	1444	1605	271	300	3079	1966
355	132	63	23	786	261	142	46	3082	1969
239	688	40	123	450	884	75	156	3083	1970
439	462	91	87	1185	875	218	161	3087	1974
449	691	84	136	1064	1043	203	205	3095	1978
638	43	130	10	1420	894	275	172	3096	1979
1146	868	201	160	1577	1385	290	266	3106	1985
1150	809	221	154	1570	1332	300	254	3109	1987
1	35	0	6	733	579	135	110	3110	1988
739	1034	147	192	1022	1302	199	238	3111	1988
1092	1063	208	208	1525	1522	300	300	3115	1990
1	1	0	0	398	356	76	68	3116	1991
894	1082	176	217	1328	1296	263	262	3127	1996
310	500	65	100	1087	871	214	174	3132	1999
345	528	67	105	904	1355	174	269	3136	2001
978	849	180	166	1511	1256	285	248	3139	2003
150	631	26	123	731	1510	143	300	3146	2009
910	571	177	112	1410	1070	284	219	3146	2010
214	499	46	89	830	965	166	183	3149	2011
1264	1057	248	200	1527	1422	295	267	3150	2013
149	814	27	153	1152	1609	208	300	3152	2013
52	501	7	88	405	907	73	161	3153	2014
754	26	146	5	1562	845	300	164	3155	2016
1	845	0	164	567	1335	115	265	3156	2016
935	48	186	11	1519	639	300	126	694	2017
6	663	1	131	817	1507	163	300	695	2017
665	1	136	0	1505	866	300	173	3156	2017
817	1	163	0	1571	775	300	142	695	2018
732	6	146	1	1512	802	300	157	3158	2019
1	802	0	157	610	1497	127	300	3159	2019
610	1	127	0	1473	1045	300	211	3159	2020
6	1082	1	218	226	1289	43	258	3160	2020
39	1090	7	220	507	1488	100	299	3160	2021
514	1	101	0	998	482	193	91	3160	2022
19	354	4	76	276	619	57	132	3163	2023
756	871	152	172	1266	1498	253	299	3163	2024
285	243	59	50	675	757	138	152	3163	2024
18	364	3	73	317	741	64	149	3164	2025
561	509	99	96	1244	1195	223	221	3170	2031
270	1	50	0	825	554	151	104	3171	2032
1159	446	215	82	1574	884	300	168	3171	2032
1	884	0	168	485	1451	92	273	3172	2032
255	1	50	0	644	384	131	81	3176	2036
474	793	98	163	1075	1476	217	300	3176	2036
1082	7	218	1	1522	466	300	87	3176	2037
406	31	83	6	1394	1176	279	241	3177	2040
703	4	130	1	1070	328	204	65	3186	2051
56	289	10	61	951	858	156	150	3187	2051
323	224	61	46	955	1346	187	266	3188	2052
12	253	3	53	560	838	113	169	3190	2054
753	96	148	18	914	248	180	48	3192	2055
842	35	162	7	1227	374	240	76	3193	2057
330	15	64	3	1121	699	218	142	3198	2061
261	1	51	0	1185	987	234	199	3200	2063
1	1179	0	238	307	1463	62	296	3202	2063
979	667	203	137	1467	826	299	168	3202	2064
47	972	10	194	474	1444	101	294	3205	2069
821	158	166	32	1321	409	260	79	3205	2070
983	110	185	23	1526	411	296	82	3216	2080
1087	713	216	135	1473	1033	288	197	3224	2083
1	1094	0	207	779	1549	155	300	3225	2083
18	156	3	30	1338	1427	239	261	3226	2084
1085	59	191	12	1285	254	228	48	3226	2085
670	427	130	79	1369	979	267	180	3227	2085
198	1395	39	262	566	1589	110	298	3228	2085
104	557	21	111	747	1221	150	239	3232	2087
646	1155	123	215	1053	1656	194	299	3234	2090
322	201	66	41	996	646	200	136	3237	2092
43	292	8	56	996	813	186	147	3241	2095
509	780	101	150	1179	1232	248	250	3247	2099
285	96	54	20	734	359	138	68	3253	2103
904	60	189	13	1282	625	269	131	3256	2106
94	625	20	118	579	990	120	195	3258	2107
1254	38	239	7	1442	240	277	47	3263	2111
41	399	8	81	854	1189	163	232	3269	2115
141	540	27	104	749	933	150	187	3270	2116
1084	755	205	145	1533	1259	295	245	3272	2117
297	869	57	166	922	1561	177	299	3279	2119
933	1	179	0	1570	656	300	123	3279	2120
1	656	0	123	697	1571	138	300	3280	2120
697	1	138	0	922	354	185	68	3280	2121
19	683	3	129	158	834	30	159	3281	2121
629	88	121	17	1116	534	218	106	3282	2123
42	138	8	27	770	860	152	163	3284	2124
201	773	41	150	883	1398	175	274	3291	2127
527	221	102	41	1065	1044	209	204	3299	2134
875	1	179	0	1187	195	238	40	3303	2137
177	1049	31	195	729	1467	133	275	3312	2141
227	86	42	14	1111	597	206	110	3320	2146
225	1	41	0	553	584	106	113	3331	2150
120	617	23	120	430	937	90	188	3333	2150
639	391	129	78	966	1118	198	224	3334	2151
681	1039	136	199	940	1475	187	286	3332	2153
183	32	33	7	1183	995	219	182	3342	2167
565	39	105	8	853	354	159	67	3348	2172
180	697	35	136	512	1035	100	203	3350	2172
904	514	168	98	1352	764	260	148	3352	2174
32	844	7	155	791	1550	167	300	3382	2202
120	210	25	43	831	584	166	114	3384	2204
284	1243	51	236	922	1550	179	299	3387	2204
1058	1	195	0	1318	528	244	100	3394	2211
848	401	162	83	1276	741	238	146	3397	2213
1206	1009	227	200	1594	1508	300	299	3397	2213
670	84	128	14	1276	581	249	112	3398	2215
1235	56	243	11	1488	285	291	55	3402	2218
57	236	12	45	530	537	101	98	3403	2218
30	1	6	0	554	511	114	103	3404	2219
1110	1180	205	213	1629	1557	297	283	3422	2234
16	557	3	107	467	1020	88	196	3426	2236
412	361	86	74	1014	772	210	158	3430	2239
503	499	94	100	1388	1196	281	245	3432	2240
432	1250	84	250	716	1496	142	300	3435	2241
548	473	100	88	1535	1047	278	190	3438	2244
23	845	5	165	668	1212	135	240	3443	2249
418	42	84	7	1494	331	294	68	3443	2250
698	171	136	30	1476	561	284	101	3451	2253
1043	81	201	15	1490	456	292	87	3452	2254
26	472	4	87	751	827	134	154	3462	2261
911	1193	180	237	1332	1439	267	288	3470	2265
8	426	1	87	939	1245	185	247	3470	2265
99	360	20	71	603	829	119	163	3471	2266
217	914	41	180	539	1147	107	225	3472	2266
903	6	181	1	1447	409	291	83	3472	2267
479	546	95	102	1424	981	278	183	3476	2269
1151	351	230	67	1486	691	300	138	3484	2275
543	185	105	35	1035	767	205	147	3494	2283
1	628	0	129	511	1127	99	223	3496	2284
679	919	136	184	1286	1516	258	299	3501	2286
1158	523	218	92	1352	809	259	152	3502	2287
981	418	189	75	1585	747	299	137	3503	2288
1	33	0	7	677	709	135	136	3508	2290
206	1221	38	230	790	1561	149	297	3512	2292
58	1177	12	238	355	1475	71	297	3517	2296
664	403	129	72	1540	952	299	182	3527	2304
869	1274	180	249	1325	1462	265	283	3528	2304
1308	736	253	149	1435	851	278	172	3532	2306
136	610	23	119	810	1289	156	249	3535	2309
585	142	113	27	1196	748	226	140	3536	2310
939	269	169	51	1535	699	279	129	3538	2311
855	970	172	191	1365	1522	272	299	3541	2314
223	988	42	191	1386	1440	262	276	3551	2318
38	242	8	46	177	389	34	73	3558	2322
1	1161	0	219	868	1459	163	273	3559	2322
1	1288	0	257	276	1486	60	300	3562	2324
950	1103	201	226	1322	1461	284	300	3562	2326
101	21	19	5	291	208	55	42	3563	2327
129	26	25	5	1496	843	279	159	3565	2329
1387	5	258	1	1496	114	279	22	3565	2330
881	235	179	45	1462	572	289	110	3571	2335
949	231	187	47	1491	804	300	165	3574	2337
365	572	71	126	664	900	136	198	3575	2338
1133	1254	231	240	1371	1565	279	300	3575	2339
843	226	156	43	1540	958	294	184	3970	2339
1371	1	279	0	1469	115	300	25	3575	2340
1	115	0	25	416	798	86	161	3576	2340
995	573	196	108	1311	820	255	157	3578	2344
1	283	0	57	673	791	135	159	3579	2345
289	405	51	71	1439	992	261	180	3581	2346
390	144	68	27	1019	958	187	174	3582	2348
658	489	121	89	1364	938	251	174	3583	2349
777	29	142	5	1166	492	225	96	3588	2353
75	730	15	141	748	1423	139	265	3589	2353
667	825	132	155	1463	1610	283	297	3591	2354
871	265	161	47	1341	629	246	112	3596	2358
1357	948	249	172	1629	1127	300	203	3596	2358
68	781	11	141	247	1291	47	235	3597	2358
1114	675	209	133	1446	1025	275	202	3598	2360
160	1	30	0	1497	1397	291	266	3606	2364
37	179	7	33	632	978	116	184	3607	2365
32	736	6	148	454	1469	90	300	3610	2367
169	839	29	173	1022	1518	186	299	3609	2368
682	52	137	12	1298	740	262	157	3616	2370
69	576	12	116	931	1514	184	300	3619	2371
16	1084	3	213	562	1522	112	300	3620	2374
562	1	112	0	1500	958	300	199	3620	2375
270	1034	50	215	712	1353	137	277	3622	2375
810	140	161	27	1513	1319	299	259	3610	2377
145	1	28	0	1153	1506	230	300	3611	2378
1153	1	230	0	1491	348	300	70	3611	2379
1	348	0	70	1031	1506	205	300	3612	2379
1149	899	227	188	1496	1318	300	277	3612	2380
107	1	20	0	1298	826	270	168	3613	2381
233	195	45	39	816	750	170	159	3614	2382
816	16	170	3	1048	251	218	51	3614	2383
96	375	20	70	764	1480	156	300	3615	2384
764	1	156	0	1162	493	237	98	3615	2385
31	531	6	104	1097	1246	207	240	3623	2385
1150	674	232	127	1505	1003	300	190	3599	2387
184	348	35	68	544	756	101	143	3626	2387
679	193	128	39	1096	828	211	158	3628	2389
436	7	90	1	809	445	163	86	3634	2399
1040	265	205	55	1346	711	267	140	3638	2403
22	1169	5	236	676	1486	136	300	3641	2403
101	965	19	193	466	1488	92	300	3639	2404
1	642	0	131	793	1443	158	292	3640	2407
211	227	40	42	727	877	133	161	3644	2408
1302	878	259	173	1532	1377	300	262	3651	2414
252	359	43	72	738	644	144	129	3651	2414
664	613	136	117	1328	995	256	183	3663	2422
1	1007	0	185	368	1196	72	219	3664	2422
1088	806	217	155	1520	1135	299	218	3665	2423
605	1259	117	241	1087	1558	210	297	3668	2423
956	31	181	7	1232	372	239	78	3668	2424
348	364	69	71	1548	1480	299	288	3672	2427
289	476	54	91	1502	1396	295	269	3674	2428
1166	74	234	13	1466	287	290	52	3676	2430
26	338	5	63	489	745	97	144	3677	2430
1356	310	259	60	1513	475	291	94	3677	2431
613	218	120	42	1526	1002	298	186	3680	2433
385	130	74	30	741	576	143	116	3684	2436
230	139	40	25	1520	1359	294	265	3686	2437
350	359	64	65	963	865	182	161	3687	2438
1	1029	0	194	880	1517	174	288	3688	2438
659	139	131	27	1470	769	288	150	3688	2439
25	498	5	96	661	1173	132	231	3693	2442
1105	910	223	186	1449	1478	291	299	3693	2443
518	45	108	10	969	435	199	89	3694	2444
176	1	35	0	888	755	176	150	3697	2446
424	1109	81	222	728	1354	147	277	3698	2447
800	266	154	56	1541	797	299	161	3700	2451
452	188	94	35	1199	614	234	113	3703	2452
266	976	55	188	1157	1509	237	295	3704	2453
994	6	201	1	1480	656	300	130	3702	2454
1	647	0	128	379	817	79	164	3703	2454
110	571	26	114	219	679	50	138	3705	2455
936	453	175	87	1499	810	284	154	3708	2457
626	1	122	0	1493	941	295	178	3709	2458
402	1274	75	245	522	1387	99	268	3714	2460
1252	1341	245	257	1509	1528	292	290	3711	2461
7	719	1	138	819	1582	155	300	3715	2461
437	534	87	97	743	780	147	143	3716	2462
1273	24	247	4	1537	231	299	43	3721	2465
260	23	49	4	1497	1348	276	250	3723	2466
1089	1	217	0	1297	179	257	35	3724	2467
157	126	31	26	1213	864	234	164	3729	2470
876	1189	171	225	1084	1600	208	300	3731	2471
611	885	111	162	953	1258	176	230	3735	2473
1082	658	206	124	1571	1092	300	208	3736	2474
1	1092	0	208	314	1367	61	259	3737	2474
1323	673	257	132	1457	894	286	178	3737	2476
1095	626	205	121	1381	1079	264	215	3743	2478
137	814	25	166	700	1446	127	283	3744	2479
1067	102	196	21	1614	832	300	163	3744	2480
126	842	19	165	814	1267	157	249	3745	2480
712	1	136	0	1082	514	208	93	3745	2481
1020	1	197	0	1509	705	299	138	3745	2482
421	1	84	0	1353	1164	257	211	3753	2486
147	939	27	175	739	1464	141	273	3756	2487
980	1	189	0	1277	152	246	30	3756	2488
375	38	75	6	1253	808	254	161	3758	2489
678	1231	128	247	1097	1495	214	300	3760	2493
1116	5	218	1	1314	181	259	38	3760	2494
837	39	160	7	1228	264	234	48	3764	2496
1213	13	230	3	1579	361	299	67	3770	2501
1223	14	239	2	1505	361	296	73	3772	2502
1234	13	224	2	1574	172	292	35	3777	2506
933	294	181	56	1540	986	295	185	3781	2507
967	1004	168	183	1704	1534	298	279	3782	2508
781	539	134	93	1062	794	188	144	3782	2508
235	315	42	60	467	537	87	101	3783	2509
593	542	112	102	1257	1357	239	259	3784	2509
99	853	18	161	629	1223	124	233	3787	2511
552	178	99	34	1151	628	219	127	3789	2512
97	63	16	9	1022	826	187	152	3791	2513
37	220	6	43	364	612	67	117	3794	2517
802	1269	150	245	1134	1526	218	299	3796	2518
1227	5	237	1	1530	292	300	61	3796	2519
1	292	0	61	822	1322	166	268	3797	2519
273	403	50	72	598	706	110	130	3798	2520
851	152	160	33	1274	608	236	115	3801	2525
1	909	0	170	212	1116	41	209	3803	2525
1145	1516	215	274	1310	1654	248	300	3804	2526
1377	10	260	2	1530	151	291	30	3804	2527
356	1268	67	240	523	1478	96	277	3805	2529
318	419	63	81	1159	1402	225	269	3811	2533
1003	1246	195	244	1169	1448	229	285	3813	2535
87	387	16	77	521	1066	101	206	3813	2535
50	379	9	70	318	634	58	115	3814	2536
456	1048	86	203	748	1335	145	261	3817	2538
552	14	104	3	854	325	158	59	3816	2544
182	347	36	65	909	1129	183	214	3827	2554
19	188	4	36	263	454	56	91	3825	2555
705	643	127	130	1544	1481	296	300	3829	2556
1	20	0	4	1407	1383	278	274	3830	2557
421	1124	77	209	1196	1349	231	256	3833	2559
1106	316	198	64	1610	799	300	164	3835	2562
1	799	0	164	555	1277	110	255	3836	2562
555	417	110	74	1506	1040	299	197	3836	2563
404	1062	73	201	901	1591	166	300	3838	2563
901	1	166	0	1137	407	209	74	3838	2564
181	664	36	120	852	1305	170	247	3839	2564
745	865	137	170	1266	1524	241	300	3840	2565
1266	1	241	0	1521	223	297	49	3840	2566
64	228	12	50	434	652	84	132	3841	2566
1036	368	204	73	1537	685	300	132	3841	2568
1	685	0	132	203	893	43	173	3842	2568
813	410	157	76	1532	1109	294	207	3849	2571
1285	1436	241	267	1478	1553	281	291	3850	2571
1158	651	221	127	1555	1084	300	212	3853	2574
1	1084	0	212	174	1250	31	241	3854	2574
342	34	64	7	726	450	139	89	3854	2575
1128	529	224	106	1512	972	300	195	3855	2582
1	972	0	195	497	1500	102	300	3856	2582
1354	1110	260	210	1553	1310	300	250	3864	2586
1	1310	0	250	253	1577	48	300	3865	2586
253	1	48	0	1532	1383	299	273	3865	2587
119	1	24	0	1259	1427	264	300	3866	2588
1	239	0	47	1155	1500	233	300	3867	2589
1155	1	233	0	1368	249	278	53	3867	2590
879	731	158	140	1196	988	215	188	3868	2590
408	1259	73	241	893	1555	169	300	3869	2590
893	1	169	0	1441	449	278	86	3869	2591
351	999	68	186	946	1244	180	232	3873	2593
118	247	23	46	1022	1283	197	241	3876	2595
533	359	100	66	1341	1035	271	206	3884	2599
661	1368	132	262	974	1569	185	297	3889	2604
1069	20	202	2	1468	295	275	49	3889	2605
1	1332	0	278	115	1444	22	300	3895	2606
115	1	22	0	1013	1288	204	258	3895	2607
747	907	150	182	1133	1488	225	300	3898	2609
765	1179	146	232	1154	1542	222	300	3899	2613
388	765	73	142	737	1205	139	222	3903	2615
1054	277	197	54	1384	877	260	169	3903	2616
88	814	18	158	264	1308	54	257	3907	2617
1148	793	220	158	1540	1057	296	212	3912	2619
973	1048	180	212	1534	1332	296	273	3914	2620
42	692	7	144	508	998	94	202	3914	2620
137	148	23	29	559	509	105	99	3921	2624
494	658	92	128	1282	1072	241	204	3922	2627
771	1179	151	224	1148	1304	224	248	3930	2632
433	131	90	26	1033	696	202	122	3931	2636
205	755	40	147	322	873	64	171	3934	2638
1058	657	196	122	1299	940	239	174	3936	2639
258	1301	46	241	629	1507	120	283	3937	2639
1218	312	225	55	1611	910	300	169	3938	2640
60	751	13	155	250	1065	51	220	3943	2643
683	567	131	107	1457	1026	279	194	3945	2644
923	101	171	16	1574	781	300	148	3953	2648
173	112	31	21	785	682	147	127	3964	2654
477	167	92	30	705	331	137	62	3965	2655
454	1230	95	240	725	1511	146	292	3966	2655
327	150	66	30	723	545	146	107	3985	2664
60	1150	12	217	426	1541	86	295	3992	2669
907	1313	176	270	1046	1465	202	299	3993	2670
545	1091	108	215	813	1520	159	300	4001	2674
1324	871	250	174	1596	1141	300	224	3999	2675
1	1141	0	224	363	1522	73	300	4000	2675
371	32	75	7	903	758	182	155	4000	2676
575	1041	117	216	1171	1385	246	290	4002	2676
350	807	71	165	1220	1433	234	286	4003	2677
1149	1052	221	199	1521	1342	299	260	4004	2678
473	1335	86	260	610	1454	115	286	4013	2682
868	797	172	157	1062	1111	210	216	4014	2684
431	100	85	18	1168	748	239	150	4015	2685
316	969	69	191	730	1556	148	300	4016	2685
69	1050	13	204	280	1309	60	259	4024	2688
22	370	4	82	1164	1478	213	286	4032	2690
1	1160	0	222	336	1481	66	285	4028	2692
912	404	179	76	1533	871	297	163	4039	2694
277	310	51	64	455	630	82	122	4035	2695
548	1	99	0	1037	306	194	63	4040	2695
48	281	10	55	1559	1552	294	292	4043	2696
641	530	124	99	1201	992	223	180	4045	2697
994	1	184	0	1461	404	274	70	4048	2699
544	801	100	149	1226	1215	229	225	4051	2700
74	471	14	89	1127	1184	208	221	4054	2701
62	1337	11	248	322	1548	64	286	4057	2702
400	1032	74	207	731	1294	142	261	4058	2703
226	296	45	57	711	766	149	155	4150	2703
50	427	9	83	955	1080	181	208	4059	2704
681	181	132	32	1480	1059	287	200	4061	2705
129	1025	24	193	344	1229	67	232	4062	2705
29	479	6	96	1129	1224	219	240	4063	2706
555	694	106	129	1561	1351	292	254	4065	2707
1	16	0	3	1330	1174	237	215	4066	2708
935	332	181	63	1483	691	283	129	4072	2711
1185	1	221	0	1601	256	299	48	4073	2712
688	473	135	91	981	908	196	178	4074	2712
210	1045	39	205	670	1516	130	299	4076	2712
670	11	130	2	912	286	177	56	4076	2713
40	902	9	179	708	1418	146	278	4078	2713
362	686	78	131	1113	1280	231	250	4079	2714
99	390	18	78	596	895	111	171	4081	2715
20	804	4	155	513	1212	100	234	4082	2716
376	549	67	101	665	852	124	157	4086	2719
462	500	95	104	827	874	168	180	4093	2723
125	1193	28	245	331	1360	75	284	4094	2723
1351	1277	257	251	1525	1457	287	281	4096	2724
1069	141	202	29	1581	500	298	97	4096	2725
1019	496	203	98	1401	961	279	190	4097	2726
71	1016	13	203	440	1507	87	295	4098	2726
1055	876	213	175	1434	1050	289	212	4098	2727
440	11	87	2	703	277	141	58	4098	2727
862	989	167	189	1532	1320	298	251	4102	2729
45	1128	8	209	235	1579	42	299	4104	2730
926	42	180	8	1481	581	289	110	4108	2732
766	442	149	86	1162	945	232	192	4110	2733
179	336	36	67	990	1092	186	205	4119	2736
856	1	179	0	1440	688	299	140	4115	2738
350	22	66	3	1271	981	245	190	4117	2741
1	1181	0	229	458	1568	85	300	4120	2741
7	666	1	125	1148	1333	210	250	4121	2742
190	827	36	165	460	1474	88	287	4123	2743
1053	138	206	26	1457	569	287	113	4125	2745
922	1123	184	219	1443	1474	283	290	4126	2745
844	9	159	1	1199	408	223	76	4129	2747
398	196	77	36	1230	762	237	141	4132	2749
471	179	84	33	1550	1071	290	207	4135	2750
1	1228	0	241	309	1541	59	300	4136	2750
309	1	59	0	1036	647	202	126	4136	2751
237	857	48	166	419	1039	84	201	4137	2751
198	285	39	53	453	605	89	115	4138	2752
347	516	72	106	697	1080	142	214	4147	2755
719	37	138	7	1418	621	274	117	4149	2758
694	558	137	105	1522	1129	300	223	4151	2759
783	913	153	190	1220	1416	239	289	4159	2762
847	765	177	160	1450	1155	300	241	4160	2763
391	175	76	35	1561	1204	300	232	4162	2764
75	567	16	114	610	1062	125	213	4163	2765
1070	1246	221	246	1407	1501	289	300	4163	2765
1062	1025	211	207	1307	1287	258	260	4175	2773
15	174	2	36	618	810	123	160	4176	2774
1206	11	243	2	1483	298	299	62	4178	2776
6	304	1	63	484	613	92	123	4179	2776
296	882	58	174	431	1065	85	211	4181	2777
991	261	192	54	1519	837	300	172	4183	2780
1	837	0	172	530	1463	110	299	4184	2780
897	781	182	153	1475	1297	300	259	4184	2781
1	1297	0	259	189	1503	37	299	4185	2781
945	295	185	57	1474	848	288	164	4185	2782
687	410	131	75	1491	1047	277	194	4187	2783
483	408	101	82	827	810	171	164	4193	2787
31	1121	5	226	729	1470	145	296	4194	2787
1	734	0	139	477	1246	102	246	4195	2788
37	1168	7	228	401	1500	85	297	4198	2789
5	54	1	11	131	180	28	38	4201	2791
1	567	0	106	469	975	97	190	4202	2793
988	184	195	38	1505	891	300	181	4202	2794
127	409	25	77	774	1313	154	251	4205	2795
1274	90	242	17	1399	244	264	45	4205	2796
1278	415	251	77	1513	663	300	130	4209	2798
979	1216	201	238	1086	1345	222	264	4210	2798
1	663	0	130	348	1096	68	213	4210	2798
234	17	41	4	1576	1066	297	203	4213	2800
727	1	141	0	1078	304	210	64	4214	2801
112	582	21	112	1549	1524	299	288	4216	2801
37	173	7	29	953	1020	184	199	4218	2802
6	189	1	33	818	915	157	174	4219	2803
327	1056	60	201	489	1284	92	246	4224	2807
537	852	108	166	928	1170	180	224	4228	2811
96	1023	17	194	757	1565	146	300	4230	2813
692	290	129	57	1006	791	192	158	4233	2815
1110	601	211	112	1524	791	297	151	4233	2816
56	699	12	132	337	1029	62	189	4234	2816
62	695	11	134	631	955	126	184	4236	2817
309	126	64	26	681	557	140	114	4238	2818
734	193	141	38	1028	503	202	102	4237	2820
1	1256	0	256	229	1469	46	300	4241	2820
529	1317	109	258	904	1506	191	299	3613	2821
235	6	47	1	1015	584	203	120	4241	2821
1	310	0	64	706	1475	147	299	4245	2822
712	1	148	0	1369	717	289	153	4245	2823
302	47	61	10	996	1412	208	300	4246	2824
996	1	208	0	1378	434	285	87	4246	2825
465	434	96	87	1403	1493	286	300	4247	2825
1	193	0	38	1029	1404	224	300	4248	2826
9	842	1	176	517	1389	102	289	4249	2827
254	1	48	0	889	527	178	104	4249	2828
155	1	30	0	960	627	188	128	4250	2830
408	390	78	84	958	815	186	168	4243	2832
4	561	1	113	206	753	42	153	2953	2834
1249	429	237	85	1534	722	296	145	4251	2834
85	377	18	84	1039	1069	202	213	4253	2835
1	423	0	85	440	907	94	185	4258	2836
