b1	b2	bw1	bw2	e1	e2	ew1	ew2	seq1	seq2
479	636	95	129	689	879	138	179	11	1911
231	565	44	111	437	764	86	153	13	1857
720	217	140	48	1011	586	196	118	14	1795
164	310	30	64	447	789	83	156	16	2063
130	266	27	50	625	951	123	185	18	1996
1212	317	242	65	1376	559	276	112	18	2084
989	49	198	9	1340	674	267	131	20	2111
243	488	47	97	517	816	98	162	23	2093
397	966	80	203	655	1378	129	283	24	2131
939	106	186	21	1101	274	220	57	25	2149
625	1083	123	208	951	1450	193	288	28	2267
150	1223	30	242	428	1503	80	293	29	2336
564	19	118	4	817	641	169	125	31	2209
1	831	0	171	201	1285	40	263	32	2252
66	879	13	176	418	1449	86	292	33	2221
1243	280	237	53	1565	1046	300	206	34	2402
10	1327	2	265	132	1469	28	295	35	2402
155	685	32	132	684	1423	139	281	36	2276
359	16	74	3	570	360	119	74	38	2391
1441	1245	276	248	1545	1355	300	273	39	2362
597	64	113	14	990	548	191	113	40	2340
379	107	74	24	836	545	169	115	41	2407
449	1003	92	208	642	1423	133	297	42	2614
322	573	62	113	519	1024	101	204	45	2493
869	326	168	63	1175	562	224	107	45	2523
1064	780	209	163	1485	1125	291	235	46	2446
265	1	52	0	547	680	108	134	46	2456
1399	224	276	45	1518	349	299	70	47	2570
662	1248	128	249	817	1436	163	292	47	2605
640	697	133	142	890	1184	183	240	50	2538
962	982	192	200	1131	1177	228	241	51	2628
133	438	28	87	441	661	94	134	52	2586
242	1149	49	227	531	1520	106	300	55	2680
531	1	106	0	788	315	162	67	55	2681
491	1142	96	221	696	1444	138	285	56	2696
1149	1054	222	209	1294	1211	248	238	56	2703
961	632	187	128	1318	905	259	181	57	2598
6	582	1	115	808	1483	162	300	58	2632
501	576	100	114	726	853	148	172	59	2729
721	854	147	178	910	1212	187	250	59	2730
1004	8	200	2	1514	863	300	170	60	2715
1	863	0	170	315	1403	63	281	61	2715
353	487	71	104	882	1014	182	216	61	2717
1	1299	0	258	418	1519	86	300	62	2751
934	70	188	14	1220	892	246	182	62	2755
691	195	140	37	826	711	169	147	62	2760
352	692	68	137	480	849	94	169	63	2688
100	890	21	175	537	1443	110	289	65	2876
1111	1202	219	251	1359	1430	273	299	65	2884
1359	37	273	5	1477	160	298	31	65	2885
1236	201	244	42	1463	562	291	117	67	2930
955	23	182	3	1133	220	218	41	68	2851
981	758	195	164	1241	1036	250	223	69	2844
888	1	172	0	1140	447	222	91	70	2913
199	30	36	6	457	269	86	53	71	2742
1048	518	203	109	1252	720	248	151	71	2815
509	356	96	68	851	990	160	193	72	2967
173	459	30	94	883	1448	175	298	73	2916
404	1074	77	207	673	1424	135	279	74	2891
777	155	156	31	1011	328	206	69	74	2893
1106	851	227	180	1323	1324	272	277	74	2893
1183	817	237	174	1345	1388	272	291	75	2877
662	696	131	148	1098	1456	219	299	76	2990
50	62	10	12	246	254	49	50	76	2999
1358	55	269	10	1520	239	300	46	77	3008
916	90	178	18	1331	496	263	99	77	3011
818	310	166	61	1498	1044	300	209	78	2901
125	1108	25	214	369	1402	75	274	78	3008
312	188	63	38	770	805	153	155	79	2994
770	55	153	12	1282	833	254	166	79	2996
528	627	106	122	798	912	161	180	80	2806
1271	13	253	2	1525	401	300	72	80	2900
829	283	158	53	963	475	187	94	81	3116
1030	568	200	110	1170	707	228	138	81	3127
449	882	89	176	956	1487	192	300	82	2983
1098	237	220	44	1282	534	255	101	82	3043
115	89	22	17	311	437	61	90	82	3133
6	375	1	76	645	1095	142	231	83	3044
250	1196	46	236	488	1513	92	296	84	2984
793	341	158	69	1475	1050	290	213	85	2987
134	1279	22	249	330	1542	60	300	86	3047
330	1	60	0	708	443	139	93	86	3048
989	912	193	179	1360	1336	272	267	86	3050
47	28	9	6	182	189	38	40	88	3047
156	170	33	36	542	663	108	131	88	3166
5	1068	1	200	370	1551	76	300	89	3136
375	68	77	16	500	273	104	62	89	3137
1189	167	239	31	1497	566	300	113	89	3160
661	26	119	6	812	365	147	74	90	3148
1	740	0	145	524	1499	105	300	91	3081
366	59	71	14	762	342	156	73	91	3082
762	1077	156	217	953	1506	194	300	91	3082
757	1	150	0	1458	915	287	180	93	3182
29	691	6	139	519	1416	91	274	94	3089
542	329	96	57	697	557	126	101	94	3090
817	496	148	100	1527	1033	276	199	94	3100
1185	569	235	118	1361	876	272	182	95	3155
1283	1241	256	247	1459	1474	291	292	96	3084
489	23	99	5	1175	1068	236	224	96	3201
208	62	39	12	536	515	101	97	97	3077
594	543	113	108	1047	1097	205	219	97	3078
1194	275	231	55	1510	567	292	111	98	3208
753	314	147	60	1089	784	210	153	98	3222
1127	1128	224	227	1351	1441	270	287	99	3166
88	27	17	5	366	460	73	95	99	3172
384	685	73	143	566	878	110	183	100	3179
1287	612	257	122	1497	908	300	181	100	3218
96	41	18	7	544	908	111	183	102	3233
123	576	20	112	351	833	68	165	103	3269
312	1142	59	233	559	1401	112	288	103	3270
9	344	2	63	392	1175	80	235	104	3230
19	17	5	3	612	574	119	112	105	3293
513	1077	100	218	723	1499	141	299	105	3293
934	93	185	20	1248	683	254	147	105	3294
863	1	171	0	1453	446	297	93	105	3295
249	27	52	6	431	282	86	54	106	3250
675	52	131	11	962	318	191	65	106	3251
1173	1001	233	206	1383	1284	274	265	106	3258
6	416	1	80	212	725	44	144	106	3296
1321	229	253	45	1563	536	300	105	107	3208
1219	1270	239	265	1372	1460	268	300	108	3165
1	536	0	105	145	833	30	163	108	3208
1	250	0	50	294	755	61	156	109	3248
903	398	179	81	1099	587	217	116	109	3267
442	14	87	2	808	543	157	107	110	3204
1080	769	214	147	1436	1360	284	265	110	3343
18	541	4	106	416	1128	81	220	110	3365
1045	61	211	12	1484	959	299	194	111	3357
470	880	100	178	827	1453	172	293	112	3266
101	64	20	14	328	415	68	87	112	3358
160	34	30	6	579	925	116	196	113	3321
106	103	21	22	586	704	120	147	114	3224
363	542	72	112	810	1194	164	248	115	3249
800	329	162	68	1451	1159	295	232	115	3334
710	226	141	48	1150	871	227	177	116	3303
1	427	0	82	640	1294	131	260	117	3278
277	408	51	81	559	912	108	181	118	3392
742	57	145	11	1314	875	263	178	118	3411
734	990	145	195	1053	1355	210	268	119	3384
1022	808	199	170	1172	969	233	206	120	3317
1	475	0	98	304	833	63	169	121	3277
239	993	48	209	477	1366	94	282	121	3393
974	365	192	74	1370	953	270	186	121	3428
195	1035	38	205	632	1498	127	297	122	3415
116	130	22	24	355	533	70	104	123	3376
646	894	126	173	879	1169	174	229	123	3378
884	75	175	15	1005	218	199	44	123	3380
1024	508	200	102	1257	756	250	156	125	3342
466	369	84	70	797	948	150	187	126	3445
460	1103	93	220	602	1489	122	300	128	3478
602	1	122	0	778	485	156	96	128	3479
542	48	109	8	1089	810	212	159	129	3447
240	147	50	32	526	682	106	134	129	3508
501	275	99	51	712	586	139	114	130	3436
707	744	138	151	1049	1342	206	272	132	3514
462	34	90	7	682	270	135	56	133	3524
818	66	164	11	1192	613	239	123	135	3517
983	1070	195	215	1155	1253	231	253	135	3702
6	1199	1	234	259	1541	50	300	136	3447
1303	290	249	56	1460	478	283	97	137	3564
1166	892	228	178	1347	1128	266	226	138	3571
482	758	93	158	736	1135	143	234	138	3615
1122	10	214	2	1391	334	269	65	139	3420
33	4	8	1	360	1324	71	261	139	3573
730	1295	140	252	892	1531	172	300	139	3612
901	397	183	81	1266	796	253	159	140	3571
14	129	3	26	425	871	84	177	140	3636
425	222	84	45	923	941	188	192	140	3660
1079	845	215	168	1534	1542	298	298	141	3531
232	638	46	132	379	791	75	162	141	3609
98	793	20	155	302	1014	62	200	142	3606
35	104	6	20	368	643	68	120	143	3643
878	190	171	35	1229	1112	239	217	144	3575
8	667	1	124	756	1269	147	241	144	3658
615	598	116	112	1028	1257	204	252	145	3653
795	220	157	45	1138	820	224	161	146	3620
181	594	34	118	619	1364	127	275	147	3552
865	353	175	67	1254	831	254	164	147	3663
310	962	60	196	599	1402	116	282	148	3312
925	721	183	140	1236	1143	244	222	148	3664
74	68	13	12	385	692	75	136	149	3637
725	768	140	147	1053	1511	207	300	149	3666
400	994	76	190	832	1544	162	300	150	3675
1	568	0	115	257	934	53	192	151	3623
764	367	152	74	1189	772	233	148	151	3639
179	1001	31	193	474	1483	96	296	152	3690
1024	1358	205	259	1200	1564	240	300	152	3726
638	1039	126	204	762	1146	151	226	155	3701
38	26	7	5	459	585	93	119	155	3749
882	1043	173	199	1157	1492	230	290	156	3661
34	42	6	8	439	678	84	140	156	3765
541	980	105	200	882	1298	173	264	156	4040
1	533	0	111	200	893	38	181	157	3725
836	814	163	161	1114	1520	221	300	159	3843
1093	847	216	173	1404	1397	275	281	159	3844
255	1203	48	232	428	1462	81	282	160	3996
503	17	95	3	604	121	117	26	160	3998
1235	109	239	21	1497	706	287	135	161	4037
187	191	33	38	441	829	86	171	161	4062
684	881	129	175	915	1526	173	300	162	3751
831	399	156	84	1236	999	235	201	162	3752
1	211	0	41	476	666	91	128	163	3768
679	229	128	41	1075	1085	203	204	163	3832
437	70	87	13	722	470	146	94	164	4046
300	1185	57	233	537	1515	103	299	165	3755
1104	656	214	130	1527	1410	300	281	165	3853
1198	979	229	201	1355	1450	262	300	166	4029
572	322	110	55	1020	956	193	177	167	3809
1134	135	223	25	1482	787	290	153	168	3848
215	389	44	75	662	950	129	185	168	4041
722	82	141	17	1134	736	220	141	169	3640
28	213	6	40	572	1154	114	223	169	3761
1334	345	261	67	1518	580	300	117	170	3747
579	584	112	107	1073	1192	210	225	170	4042
39	773	6	154	387	1207	78	240	171	3747
322	1	65	0	689	473	136	93	171	3764
705	1010	139	203	1058	1430	208	285	171	3779
1169	254	231	52	1499	802	300	161	172	3763
244	347	46	66	490	705	95	139	172	3862
496	117	96	24	788	480	156	96	172	3863
959	392	191	72	1159	603	232	116	174	3760
39	222	6	41	682	1215	136	246	174	3812
1102	455	220	92	1484	868	296	172	174	3863
617	102	121	19	1153	783	227	154	175	4182
36	261	6	53	408	833	78	164	175	4198
249	1041	49	203	532	1536	97	297	176	4075
697	668	126	120	920	1137	171	215	176	4076
799	102	154	20	1429	1059	270	201	177	4056
796	191	157	36	1330	1270	269	260	178	4007
127	1048	23	204	317	1400	61	277	178	4055
835	916	163	182	1258	1549	242	300	179	3771
394	13	73	3	747	598	146	124	179	4052
138	895	29	176	462	1528	91	300	180	3774
522	693	102	130	944	1268	182	237	180	4004
1118	1161	216	226	1349	1462	265	291	180	4069
1	637	0	125	487	1072	92	207	181	3762
52	27	10	4	510	717	97	134	182	4051
1141	1276	219	254	1253	1383	243	277	182	4166
1357	1	265	0	1540	152	300	28	182	4170
1052	753	207	150	1389	1348	271	263	183	3678
345	656	63	127	939	1496	185	300	183	4010
633	622	121	126	774	766	152	159	183	4659
447	880	86	172	791	1344	153	261	184	4015
356	52	69	10	807	717	156	138	184	4145
19	837	4	164	543	1377	109	275	186	4121
382	749	75	145	757	1389	148	267	187	4148
1304	1109	255	211	1543	1357	300	258	187	4194
1234	606	240	120	1491	949	290	187	188	4149
674	536	129	106	958	756	186	151	188	4159
160	903	32	188	297	1091	60	226	188	4195
402	149	76	29	727	488	138	95	189	4127
20	943	5	187	282	1274	58	251	190	4117
702	1	141	0	1327	867	265	168	190	4161
1028	25	190	5	1404	904	261	183	191	4328
1345	5	258	1	1549	361	300	75	192	4208
46	311	8	66	497	1051	96	205	193	4012
497	710	96	136	946	1443	182	282	193	4209
1015	14	194	3	1310	453	250	87	193	4234
608	108	115	21	817	393	157	76	194	4215
544	184	100	35	745	417	141	84	196	3952
1316	1026	255	212	1448	1171	284	244	196	4221
194	431	33	84	722	1409	138	275	197	4183
704	238	134	41	1055	638	204	124	197	4184
1461	783	275	148	1580	924	300	176	198	4164
913	489	168	102	1060	647	196	132	198	4201
639	127	119	25	838	645	157	128	199	4141
1169	233	219	49	1545	836	296	166	199	4190
122	713	22	140	532	1206	101	233	200	4347
633	518	117	108	919	1148	170	226	201	4138
435	902	91	177	626	1505	128	288	202	4326
438	392	86	78	750	1221	150	243	203	4203
1086	527	212	100	1523	1140	297	218	205	4231
21	1190	3	230	326	1511	66	297	205	4259
291	432	52	84	631	835	115	160	206	4259
833	579	157	111	1137	927	224	187	207	4425
957	13	189	3	1303	633	255	124	208	4389
144	27	27	5	502	479	98	96	209	4336
913	62	179	12	1334	603	257	114	209	4411
400	819	73	160	674	1413	126	276	210	4270
831	142	156	27	1101	429	206	80	210	4337
851	28	163	6	1132	387	221	80	211	4402
1164	357	233	69	1507	726	300	141	212	4416
649	457	128	97	956	1077	192	224	212	4516
1305	524	259	97	1525	742	300	138	213	4337
684	5	132	1	1030	724	205	149	213	4395
40	769	8	149	467	1344	91	260	213	4416
1108	1067	211	210	1342	1538	256	300	214	4380
42	177	8	33	730	902	139	168	214	4440
423	622	78	123	888	1476	171	294	215	4408
895	11	172	2	1498	665	300	141	215	4409
334	1249	67	243	519	1536	102	300	216	4321
519	1	102	0	894	409	178	83	216	4322
713	76	138	16	1216	984	240	191	217	4477
1104	1091	212	217	1290	1365	248	268	218	4479
6	499	1	97	129	719	26	140	219	4394
346	683	65	131	627	1151	117	218	219	4566
680	665	127	135	1283	1107	248	223	219	4568
731	25	139	4	1071	398	207	79	220	4414
72	448	14	88	328	1367	64	273	221	4367
344	477	67	90	584	1220	116	235	221	4368
622	435	124	85	799	634	159	126	221	4371
1311	766	250	152	1575	1042	300	205	221	4417
1	1032	0	203	189	1229	39	244	222	4417
249	569	51	121	420	871	83	179	222	4489
1056	1025	201	202	1271	1498	242	292	222	4493
1137	998	217	194	1451	1436	277	280	223	4063
544	817	106	162	995	1358	192	264	223	4414
1	1	0	0	247	473	46	92	223	4464
261	728	49	145	565	1128	110	227	223	4508
588	711	107	140	1022	1143	193	225	224	4382
142	60	23	11	538	1321	97	247	224	4592
17	213	4	39	215	567	42	110	225	4388
269	1064	51	207	660	1463	124	279	225	4397
656	342	123	65	1136	1050	216	201	225	4418
1317	1	249	0	1547	228	292	43	225	4471
433	357	79	66	790	910	147	169	226	4437
1237	1162	233	226	1388	1378	261	266	226	4509
1418	8	265	1	1606	295	300	55	226	4510
696	151	138	30	1011	486	196	92	228	4393
13	199	2	38	240	642	44	122	228	4481
240	1164	44	223	538	1502	107	295	228	4482
1011	594	196	116	1496	1049	289	202	228	4564
1194	828	223	161	1538	1177	289	229	229	4419
1	427	0	85	438	942	85	187	230	4417
1	1335	0	264	138	1485	26	293	231	4227
668	226	126	44	1405	1545	267	299	231	4541
1401	102	266	20	1576	354	299	69	231	4542
879	1	162	0	1558	834	292	156	232	4599
360	672	64	123	639	1339	119	251	233	4549
926	784	177	146	1300	1461	246	274	233	4562
1192	18	222	4	1463	528	272	103	234	4559
1019	1321	190	253	1209	1565	225	298	234	4598
1347	544	253	103	1594	882	300	167	235	4463
546	820	100	155	802	1217	148	232	235	4547
873	245	161	49	1314	571	247	112	235	4548
1	882	0	167	261	1174	49	223	236	4463
815	1	152	0	1420	761	273	152	236	4532
781	26	152	5	1348	873	267	179	237	4475
458	229	86	44	1300	1518	253	300	238	4526
1300	1	253	0	1549	374	300	70	238	4527
7	381	1	71	291	915	58	176	239	4527
822	80	159	15	1225	845	241	165	239	4528
322	734	63	141	609	937	126	187	240	3786
16	1060	3	197	659	1535	136	291	240	4575
967	947	190	182	1280	1104	250	212	240	4658
1305	158	255	30	1524	350	300	70	240	4659
700	424	138	78	1004	832	198	157	241	4609
1	350	0	70	383	784	75	162	241	4659
235	427	48	85	396	612	78	121	242	4606
709	719	139	138	1080	1507	210	290	242	4686
1077	1	209	0	1534	560	300	111	242	4687
1334	744	246	146	1621	1107	300	214	243	4529
726	36	136	5	995	517	184	97	243	4576
152	1181	29	247	393	1420	76	293	244	4607
952	850	180	158	1540	1326	294	249	244	4666
930	672	185	134	1499	1574	293	300	245	4553
18	188	3	36	983	1058	196	212	245	4610
1	50	0	9	403	865	86	177	246	4554
403	714	86	141	739	1086	151	211	246	4616
280	1331	54	248	475	1586	92	298	247	4692
449	1	87	0	776	753	153	155	247	4693
872	12	171	3	1507	1030	298	203	247	4694
335	890	65	176	641	1055	124	208	247	4695
1	1056	0	208	404	1441	78	284	248	4694
501	89	99	15	1099	664	216	130	248	4695
854	1076	169	213	1142	1517	224	300	248	4695
1185	1054	233	203	1496	1374	296	267	248	4696
62	1179	11	235	354	1507	68	298	249	4661
843	1205	156	221	1527	1603	291	300	249	4664
1035	306	194	59	1532	769	292	147	249	4665
382	330	73	64	746	774	140	145	250	4637
1	708	0	136	200	876	40	170	250	4665
1371	828	256	159	1626	1133	300	214	250	4673
572	470	113	90	1149	1255	227	241	251	4558
976	792	194	151	1424	1460	279	279	251	4719
124	97	23	18	679	1139	131	219	252	4685
809	367	156	67	1211	816	231	152	252	4697
1403	6	272	1	1551	154	300	29	253	4646
325	174	64	35	894	730	176	148	253	4661
348	1108	61	219	748	1362	150	276	254	4645
1	154	0	29	343	490	60	88	254	4646
711	213	132	41	1411	1465	263	282	255	4640
1378	576	257	113	1604	814	300	159	255	4641
6	300	1	56	601	915	111	169	255	4677
1141	830	221	155	1532	1341	295	253	256	4146
66	1	13	0	371	314	74	63	256	4641
525	222	103	42	1099	888	214	170	256	4672
1	1348	0	254	223	1575	44	300	257	4146
1	510	0	103	152	669	30	134	257	5472
689	84	131	17	1079	532	207	105	258	4654
232	37	43	6	648	543	123	102	258	4656
157	100	31	19	836	1004	160	192	258	4746
270	463	51	86	569	888	111	164	259	4634
6	620	1	126	264	908	50	181	259	4680
559	1022	107	194	944	1594	175	299	260	4577
1081	713	200	136	1560	1465	291	276	260	4600
871	1132	164	216	1068	1345	205	260	261	4636
1107	716	216	139	1519	1166	300	230	262	4639
616	81	121	16	1092	583	213	113	262	4651
20	1091	3	211	469	1418	92	274	262	4735
696	953	139	184	1186	1553	234	299	263	4632
1	1166	0	230	318	1508	66	300	263	4639
318	1	66	0	478	160	98	31	263	4640
1	46	0	8	564	684	102	125	264	4681
777	1026	142	196	1174	1582	215	300	264	4760
121	407	23	82	989	1441	191	281	265	4650
743	51	140	9	1517	1289	287	249	266	4725
88	988	17	192	420	1457	79	281	266	4734
1	1294	0	250	181	1474	33	283	267	4725
599	1138	116	220	889	1465	174	285	267	4733
981	1	191	0	1449	315	287	67	267	4734
1319	821	249	159	1564	1066	295	206	268	4740
1	112	0	22	433	628	85	123	268	4758
1	1266	0	245	253	1534	51	300	269	4741
506	1047	103	206	824	1442	163	282	269	4742
362	12	73	2	501	151	102	31	269	4742
818	372	160	69	1203	1005	229	180	270	4744
15	276	3	52	267	608	52	117	270	4746
37	855	7	167	626	1538	121	300	271	4754
626	1	121	0	1015	772	202	160	271	4755
463	502	92	95	902	1518	175	288	272	4765
913	662	177	137	1394	1241	267	249	272	4766
28	450	5	84	549	786	102	147	273	4767
566	312	105	57	1034	1089	193	203	273	4775
1353	977	254	189	1568	1548	294	298	273	4827
1	158	0	33	455	629	82	117	274	4809
632	1	117	0	991	721	189	156	274	4811
419	1090	83	214	697	1435	139	284	275	4812
734	932	146	174	1137	1384	228	266	275	4817
6	447	1	87	356	840	70	165	276	4749
974	321	186	59	1393	819	267	154	277	4866
270	304	52	64	912	1052	174	206	277	4888
128	1	26	0	477	388	99	80	278	4869
610	1	125	0	831	228	169	45	278	4870
435	265	93	53	949	1219	196	244	279	4870
1075	1	222	0	1469	334	300	66	279	4872
943	1080	178	207	1274	1433	246	279	280	4882
725	389	135	71	975	666	184	126	280	4882
1274	685	246	131	1552	985	300	188	280	4883
729	186	145	33	1087	553	214	103	281	4819
1	985	0	188	240	1266	48	243	281	4883
240	1373	48	262	389	1526	77	292	281	4884
241	895	44	180	605	1365	116	267	282	4878
389	107	73	23	707	443	136	90	282	4879
1429	130	270	30	1572	291	300	63	282	4912
1	294	0	64	114	414	25	91	283	4912
441	1236	89	255	683	1451	138	297	283	4915
699	66	141	15	843	265	172	57	283	4916
779	361	151	71	1209	787	236	154	284	4064
294	660	58	129	787	1546	153	299	284	4770
36	838	6	160	375	1168	73	225	285	4716
488	255	96	48	1531	1285	297	251	285	4718
604	1432	111	270	830	1557	157	297	286	4737
846	517	160	97	1330	1025	252	195	286	4748
586	982	109	186	1041	1567	198	300	287	4748
1171	377	224	78	1471	704	281	141	287	4795
319	1261	61	244	542	1547	102	299	287	4806
1	615	0	123	313	945	60	187	287	4919
191	920	35	183	340	1470	64	293	288	4795
1300	1235	247	231	1572	1623	298	300	288	4809
1038	781	198	152	1581	1463	300	281	288	4942
10	43	2	8	351	396	71	77	289	4810
387	1	77	0	1325	1079	257	207	289	4887
92	1	20	0	318	244	63	47	289	4943
1202	149	227	29	1564	615	300	125	290	4865
519	181	104	37	1217	1051	240	210	291	4830
1	615	0	125	228	819	49	168	291	4865
745	872	148	155	1059	1218	205	218	292	4744
12	339	2	67	474	1194	95	232	292	4825
551	1264	110	258	715	1478	142	300	292	4826
260	93	50	21	639	486	124	95	293	4805
8	100	1	19	224	339	42	65	293	4822
635	829	123	163	873	1162	168	223	293	4943
937	474	180	91	1212	890	233	173	293	4944
1116	179	210	33	1388	479	257	86	294	4501
35	291	6	51	457	662	85	121	294	4828
103	1126	18	218	606	1523	119	300	295	4500
839	556	166	114	1102	760	219	157	295	4504
89	1	16	0	255	193	49	38	296	4906
939	1113	172	230	1255	1447	239	300	296	4940
1073	184	199	35	1606	632	300	122	297	4893
650	1	121	0	967	349	185	70	298	4934
854	925	164	179	1184	1252	227	241	299	4822
329	1200	60	228	797	1470	153	281	299	4824
1167	122	223	24	1544	684	294	135	299	4974
1154	314	220	62	1512	952	294	190	300	4899
723	623	140	130	1000	1030	196	210	301	4894
1	615	0	112	348	988	70	187	301	4898
833	919	154	183	1090	1234	206	244	302	4977
1235	55	233	10	1573	422	300	83	302	4978
1	422	0	83	737	1380	145	276	303	4978
281	855	57	162	543	1214	106	228	304	4892
357	718	72	139	989	1103	190	212	304	4918
6	1319	1	256	259	1535	55	300	305	5005
259	1	55	0	586	367	116	70	305	5006
591	371	121	74	1050	793	203	151	307	4961
995	89	192	19	1384	615	264	115	307	4964
1363	1106	260	217	1548	1298	297	256	307	4964
1171	25	228	5	1524	495	300	99	308	4984
251	386	50	80	667	971	131	191	308	4998
638	367	121	66	1029	910	193	167	309	4777
593	340	112	74	1013	780	192	156	310	4889
236	439	46	82	583	768	110	143	310	4973
911	870	171	168	1277	1435	243	278	310	4986
1134	840	215	166	1575	1387	300	274	310	5080
572	273	109	49	1224	1156	227	206	311	4959
108	1	22	0	320	232	62	44	311	5081
904	673	169	128	1510	1593	282	300	312	5000
19	134	3	26	560	796	107	151	312	5078
156	648	27	125	758	1512	151	300	314	4988
58	668	10	128	419	1230	80	238	315	4967
873	990	162	186	1427	1588	268	300	315	5088
1427	1	268	0	1580	153	300	31	315	5089
1	153	0	31	517	938	100	188	316	5089
121	732	24	139	572	1183	111	223	316	5099
385	374	77	70	677	667	137	129	318	4521
159	529	29	101	453	862	90	169	318	4522
833	1292	158	245	1120	1566	214	297	319	5078
1160	278	220	56	1568	599	300	121	319	5079
239	717	43	144	953	1434	176	280	320	4957
1	599	0	121	265	859	48	168	320	5079
1280	456	240	94	1572	774	297	155	320	5100
1285	359	241	67	1552	683	293	129	320	5134
1	591	0	112	539	1115	103	212	321	5081
604	396	115	69	1067	952	201	171	321	5085
735	291	131	56	1051	755	195	152	322	5127
1285	52	242	10	1544	476	293	99	322	5133
1433	59	273	12	1567	226	300	44	324	5086
12	1276	3	246	444	1555	84	297	324	5095
712	430	136	83	1506	894	289	172	324	5096
765	661	148	125	1144	985	221	186	325	5084
1416	1	273	0	1556	207	300	41	325	5122
320	7	63	1	803	878	156	168	325	5184
502	208	92	43	933	538	173	107	326	5082
1	207	0	41	546	931	102	179	326	5122
274	20	54	4	567	320	113	59	327	5137
329	485	63	95	642	785	117	147	328	5157
1085	144	201	30	1606	896	300	175	328	5190
894	97	166	23	1617	1072	300	205	329	5185
8	871	1	170	509	1378	98	264	329	5190
1	1072	0	205	210	1287	43	249	330	5185
258	6	52	1	726	548	143	104	330	5186
1191	318	228	62	1550	653	297	128	331	5182
1	888	0	170	447	1167	84	224	332	5182
547	257	105	53	804	846	154	170	332	5183
16	350	3	65	877	1454	173	278	333	5187
450	971	84	212	1142	1375	223	294	333	5188
1254	1087	240	208	1557	1443	298	274	333	5193
108	1	20	0	873	772	171	153	334	5194
583	583	117	113	1065	1033	209	195	335	4969
1134	1200	222	223	1464	1609	284	299	335	5170
155	136	34	26	702	811	140	157	335	5204
947	306	172	57	1297	1036	238	194	336	5006
1	94	0	18	635	882	115	168	336	5171
1272	239	233	49	1638	1014	300	192	336	5206
27	713	5	146	766	1319	155	271	337	5207
773	388	156	66	1514	976	300	181	337	5208
939	1228	177	233	1359	1424	256	271	338	5172
1	976	0	181	617	1507	120	283	338	5208
889	155	169	29	1574	890	300	169	339	5123
192	17	35	2	562	345	107	65	339	5124
665	1386	123	263	787	1562	145	298	340	5257
827	14	158	2	1569	762	296	144	341	5215
1	268	0	50	492	700	94	136	341	5252
51	235	10	44	385	655	73	124	342	5237
502	1	95	0	1215	782	229	148	342	5270
535	1	104	0	818	649	157	120	343	5241
280	308	51	58	936	769	181	157	343	5242
871	649	162	118	1334	1531	247	287	344	5150
209	1071	42	204	509	1421	100	269	345	5238
828	749	162	149	1394	1497	267	291	345	5254
14	606	2	114	732	1522	142	293	346	5198
1081	1177	206	231	1354	1474	257	287	346	5199
1322	568	252	111	1562	800	300	158	346	5200
199	241	37	50	614	692	118	139	347	5147
938	53	182	11	1569	919	300	177	347	5238
567	1	108	0	992	631	193	117	347	5246
718	219	136	40	1081	596	204	111	348	5176
701	349	128	69	1130	1017	206	191	349	5262
1	476	0	96	823	1210	160	243	350	5263
750	701	147	139	1379	1434	270	282	350	5264
377	712	68	139	811	1233	149	239	351	5239
386	731	72	136	963	1551	190	297	352	5278
1340	9	258	2	1496	175	287	35	352	5279
1135	8	219	1	1366	275	262	51	352	5280
128	586	26	112	605	1102	115	210	353	5219
1207	458	228	83	1520	931	288	174	353	5298
128	569	23	115	1039	1526	199	300	354	5300
1039	1	199	0	1537	639	300	131	354	5301
467	280	93	55	1088	936	213	177	355	5140
1088	908	213	173	1540	1407	299	265	355	5246
120	964	25	198	388	1209	77	246	355	5302
1	1282	0	250	291	1558	52	300	356	5250
425	552	77	102	685	847	135	166	356	5283
887	128	172	26	1570	861	300	160	356	5284
430	326	84	63	1193	1085	229	210	357	5247
775	979	150	190	1273	1548	242	299	357	5280
16	277	3	52	1428	1530	286	300	358	5281
70	1301	14	257	338	1518	67	300	359	5282
338	1	67	0	642	603	123	113	359	5283
821	891	155	169	1221	1339	232	257	359	5323
1230	380	234	76	1470	675	279	131	359	5324
610	941	116	177	966	1331	185	252	359	5357
79	671	14	130	898	1435	179	279	360	5324
890	359	177	72	1429	966	282	189	360	5325
378	126	70	22	1014	1448	192	286	361	5330
875	1250	169	244	1182	1529	227	298	362	5272
641	1202	124	227	883	1389	171	262	362	5306
293	792	59	161	766	1444	151	288	363	5348
1230	929	239	181	1557	1470	300	285	363	5369
112	620	22	117	727	1586	140	300	364	5316
720	21	139	4	1341	783	267	160	364	5317
1233	1386	231	255	1479	1618	275	297	365	5361
692	326	129	63	876	635	163	117	365	5361
1066	897	196	176	1599	1013	300	200	365	5362
84	1079	14	202	534	1623	98	300	365	5372
606	1034	114	202	1058	1504	208	300	366	5381
460	395	86	77	661	574	124	111	366	5381
1058	1	208	0	1471	454	290	89	366	5382
1	997	0	189	235	1362	41	255	367	5388
423	317	80	58	1046	1590	191	297	367	5389
520	1196	96	232	1432	1548	262	299	367	5390
594	421	115	78	834	653	162	123	368	5391
408	1	78	0	589	211	114	42	368	5392
896	1099	175	214	1227	1560	235	299	368	5392
1146	157	218	30	1596	681	299	123	369	5358
1	1128	0	222	399	1541	75	300	369	5386
399	1	75	0	793	459	152	90	369	5387
803	626	153	126	1171	963	222	188	369	5505
1058	226	202	44	1591	655	300	123	370	5349
69	810	14	158	413	1524	78	292	370	5382
371	1	71	0	711	203	137	41	370	5383
675	165	130	31	1183	636	225	123	370	5413
313	851	63	168	760	1250	150	246	372	5350
829	909	165	168	1300	1613	250	300	372	5419
1300	1	250	0	1538	269	293	48	372	5420
57	615	9	124	448	1066	85	212	373	5376
400	848	76	157	856	1562	163	290	373	5417
888	584	169	111	1577	1085	300	203	373	5448
806	1264	147	250	972	1440	181	285	374	5410
433	81	81	16	739	592	135	112	374	5410
1	1085	0	203	130	1339	26	254	374	5448
299	967	57	194	792	1325	148	261	375	5398
1234	1207	230	230	1492	1591	277	300	375	5420
7	1024	1	203	344	1514	65	298	375	5428
1	268	0	47	704	1430	134	266	376	5421
1096	802	209	158	1372	1504	264	297	376	5444
1	602	0	118	558	1524	111	298	377	5445
292	921	59	171	1013	1594	195	300	378	5430
1	332	0	65	292	622	59	124	378	5431
64	694	11	141	535	1181	100	234	379	5433
476	871	86	167	1171	1565	222	300	380	5454
284	272	53	48	758	709	144	133	381	5246
262	1	49	0	699	474	132	88	381	5405
609	317	114	63	1130	653	212	126	381	5436
1278	1156	241	227	1550	1513	299	300	381	5505
890	23	171	4	1251	361	241	67	382	5494
24	90	5	18	516	534	100	103	382	5506
145	1222	24	234	513	1552	99	300	383	5460
479	317	92	62	1524	1432	299	276	383	5461
1277	171	234	31	1656	519	300	94	384	5471
101	565	18	106	602	1116	112	208	384	5490
645	834	118	162	945	1135	178	221	384	5521
507	1336	94	252	683	1499	129	285	385	4146
512	510	95	103	1065	819	203	162	385	5472
1226	1431	233	270	1425	1572	275	299	385	5473
111	51	21	9	611	514	115	97	386	5465
631	345	118	65	1073	971	202	184	386	5546
1082	18	204	3	1529	502	288	90	386	5547
907	701	174	136	1187	1035	231	201	387	5548
15	1124	3	220	446	1519	82	292	388	5322
945	802	172	166	1567	1490	296	300	388	5455
347	1248	70	247	555	1523	112	300	389	5433
555	1	112	0	855	217	170	41	389	5434
809	7	161	1	1396	565	278	111	389	5456
168	731	32	142	1098	1471	212	281	390	5435
1027	34	197	7	1544	429	292	83	390	5440
367	463	74	89	558	973	111	191	391	5440
515	133	102	25	1487	1117	291	214	391	5481
1248	1070	236	205	1589	1411	300	269	392	5481
43	148	8	25	931	1559	175	298	392	5519
59	952	11	185	263	1330	48	258	392	5521
732	1	140	0	1108	434	213	82	393	5493
1096	661	210	123	1550	945	293	176	393	5527
1	784	0	147	803	1446	161	277	394	5493
938	573	190	107	1519	1175	299	220	394	5530
468	286	88	54	1304	1037	246	192	395	5531
505	343	97	64	1224	907	231	170	396	5493
206	41	38	9	1255	1203	237	231	396	5537
86	104	16	20	547	571	104	112	397	5463
874	8	169	1	1555	738	299	137	397	5488
91	544	18	107	1059	1501	204	293	398	5489
123	205	22	38	423	573	78	107	399	5527
671	406	122	81	1393	1147	256	220	399	5554
1441	791	265	152	1624	998	300	192	399	5633
769	36	145	7	1480	658	280	122	400	5566
35	1019	6	195	434	1307	85	254	400	5633
302	6	59	1	628	367	121	70	402	5538
267	552	52	102	642	1065	125	200	403	5540
642	614	125	120	1088	1390	217	279	403	5541
1235	1128	250	217	1467	1361	300	266	403	5542
125	860	27	179	439	1056	90	219	404	5543
465	887	94	173	1040	1552	204	300	404	5616
1209	107	237	21	1552	530	300	97	404	5620
785	601	157	117	1134	1379	227	265	405	5599
1227	1	245	0	1511	837	300	161	405	5600
1	530	0	97	449	1023	90	198	405	5620
274	1084	52	207	618	1559	120	300	406	5600
618	1	120	0	1258	675	251	138	406	5601
1263	393	252	81	1517	852	300	172	406	5602
1	852	0	172	580	1582	100	300	407	5602
580	1	100	0	1461	863	263	171	407	5603
997	59	180	11	1649	667	298	126	407	5605
59	1085	12	215	347	1325	64	259	408	5601
671	192	128	37	810	305	156	60	408	5647
289	125	51	23	1078	1604	204	300	409	5646
1078	1	204	0	1575	744	299	144	409	5647
422	1	90	0	624	214	128	39	410	5648
795	700	158	148	1186	1288	236	262	410	5664
1293	269	257	52	1520	712	300	138	410	5665
258	1247	49	247	452	1515	89	300	411	5661
1	373	0	73	313	631	61	124	411	5665
356	81	64	16	1023	1103	186	199	412	5697
1	631	0	118	548	1570	100	300	413	5655
791	658	146	131	1503	1106	284	216	413	5656
346	88	62	18	467	206	85	41	413	5656
1334	366	250	70	1587	696	299	133	413	5663
532	377	95	75	1201	1114	231	221	414	5558
1	681	0	130	665	1581	120	297	414	5663
1	1209	0	234	215	1486	45	289	415	5620
114	128	24	26	459	641	93	125	415	5782
791	810	149	163	1328	1147	254	231	416	5606
379	541	71	102	791	1083	149	205	416	5627
1025	1	189	0	1596	878	300	168	417	5634
1	598	0	108	539	1038	102	189	417	5635
1	878	0	168	121	1001	25	193	418	5634
308	1091	54	208	771	1588	137	298	419	5660
1132	49	202	9	1383	580	248	110	419	5661
1	520	0	103	744	1430	139	275	420	5675
687	1109	128	222	1498	1478	288	296	420	5676
47	347	8	67	1285	1498	243	287	421	5731
592	1	121	0	1554	1064	300	200	422	5607
325	419	66	78	1508	1662	287	300	423	5597
1	1064	0	200	131	1190	27	226	423	5607
136	335	25	67	708	874	135	170	424	5564
718	136	136	29	1442	808	275	159	424	5711
662	1036	122	195	1218	1577	224	300	425	5718
1218	1	224	0	1562	562	288	105	425	5719
871	128	163	22	1591	1169	300	224	426	5708
165	37	30	6	1246	1146	242	224	427	5593
981	800	185	155	1417	1248	268	239	428	5716
680	1	126	0	1428	940	270	180	428	5725
124	364	22	71	1235	1426	241	279	429	5727
1	164	0	33	304	484	59	94	430	5728
843	932	168	182	1316	1546	257	295	430	5730
1114	380	217	71	1487	1098	293	210	430	5780
13	831	2	159	582	1578	112	300	431	5780
984	810	188	159	1472	1555	281	299	431	5782
304	129	59	24	1440	1162	274	220	432	5779
14	1071	3	207	549	1462	107	281	432	5782
35	770	5	147	347	1584	62	298	433	5773
781	431	147	82	1147	859	213	160	433	5776
1139	74	211	15	1570	514	300	106	433	5777
124	451	27	85	407	753	84	146	434	5774
403	92	83	18	721	535	144	106	434	5775
538	782	97	154	713	1380	132	273	435	5788
549	1068	99	214	888	1461	166	289	435	5790
1015	153	190	27	1571	600	295	113	435	5791
646	5	123	1	1327	528	256	99	436	5721
1319	1155	255	221	1507	1346	292	258	436	5721
53	503	9	92	840	1270	162	239	436	5825
151	71	30	15	1486	1518	293	298	437	5807
9	63	1	12	1173	1328	232	265	438	5808
948	487	191	96	1433	925	283	180	438	5809
1	5	0	1	216	290	42	58	439	5786
519	92	102	17	1565	1332	300	254	439	5821
1	1332	0	254	155	1485	30	284	440	5821
1081	694	205	133	1582	1455	300	278	440	5859
539	176	104	35	1481	1211	277	230	441	5850
132	570	27	110	650	1363	125	265	441	5858
1070	1132	205	220	1560	1557	298	299	442	5750
138	1021	27	195	591	1570	111	295	442	5826
693	393	132	80	1025	822	196	161	442	5827
98	691	19	128	755	1595	144	296	443	5852
955	902	180	172	1299	1553	246	294	443	5921
355	598	66	121	917	1135	183	229	444	5891
1082	661	213	127	1446	1015	273	185	444	5893
823	1368	163	277	962	1498	187	299	445	5891
322	9	61	1	818	524	162	107	445	5892
1	134	0	29	1554	1630	297	299	445	5893
818	493	162	98	953	642	185	124	445	5894
1433	506	272	83	1594	672	300	113	446	5897
1041	1171	200	216	1206	1352	229	249	446	5898
1	672	0	113	327	1006	59	174	447	5897
794	447	145	89	1427	1369	261	265	447	5944
1265	381	231	74	1588	822	289	153	447	5945
15	1004	3	189	346	1433	63	269	448	5945
319	30	58	5	1148	1626	209	300	448	5946
1148	1	209	0	1418	410	258	75	448	5947
155	1061	34	207	359	1541	73	300	449	5947
359	1	73	0	1524	1509	300	292	449	5948
101	724	20	140	515	981	101	189	450	5948
511	1249	100	249	672	1410	133	282	450	5950
1103	321	219	62	1487	792	299	159	450	5952
175	190	35	32	382	399	75	72	450	5955
1226	939	243	176	1449	1280	287	240	451	5904
1	823	0	165	512	1525	104	300	451	5952
668	995	135	201	1073	1513	213	300	451	5953
14	32	2	7	355	685	72	145	452	5905
1242	529	229	98	1625	926	300	172	452	5906
1	926	0	172	426	1468	85	280	453	5906
530	351	106	72	1181	1024	234	203	453	5908
1285	948	255	178	1502	1369	300	264	453	5911
1	1369	0	264	163	1546	33	300	454	5911
163	5	33	1	1448	1571	278	300	454	5912
1	121	0	21	926	1519	191	300	455	5913
926	1	191	0	1243	324	264	74	455	5914
213	1	41	0	901	720	173	140	456	5907
905	1113	173	211	1070	1305	207	251	457	5911
556	9	101	2	1539	1072	285	203	458	5943
623	1027	118	205	1071	1413	201	278	459	5975
173	1	31	0	1162	1388	212	260	460	6013
1412	620	263	125	1613	851	300	165	460	6014
137	6	27	1	573	466	114	93	461	6014
474	1301	96	253	805	1540	158	300	461	6014
131	1064	24	213	476	1384	94	279	462	5981
431	140	85	29	1517	1211	300	241	462	5982
670	58	135	9	1287	657	250	119	463	5935
594	1008	110	198	1110	1548	210	300	464	5996
446	999	86	199	1130	1499	223	297	465	5997
66	532	11	107	441	892	85	174	465	5998
1	305	0	59	257	552	51	108	466	5997
912	803	176	159	1365	1474	264	287	466	6069
29	315	5	60	1152	1610	215	300	467	6070
456	360	84	62	739	663	140	121	467	6071
55	318	10	55	1040	1605	195	300	468	6071
1040	1	195	0	1184	152	225	31	468	6072
1184	1082	225	218	1367	1486	263	300	468	6073
173	483	32	94	689	1398	133	275	469	6052
496	575	96	112	1029	1180	195	231	469	6053
1212	1256	227	246	1452	1525	276	300	469	6055
1452	1	276	0	1587	136	300	24	469	6056
1	136	0	24	116	251	22	46	470	6056
121	5	23	1	1624	1598	299	300	470	6058
56	1218	13	239	362	1538	72	300	471	6053
362	1	72	0	863	931	169	183	471	6054
863	899	169	165	1558	1603	300	299	471	6056
4	1	1	0	1565	1569	299	300	472	6057
591	40	110	9	1552	1282	292	245	473	6048
163	465	32	93	1105	1475	224	300	474	6050
371	1	72	0	995	596	193	119	475	6126
1	98	0	18	1077	1427	201	272	476	6114
160	1054	27	200	842	1560	158	299	477	5943
1038	769	198	153	1567	1520	299	300	477	6083
1	7	0	1	288	353	50	63	478	6084
332	707	58	142	1593	1552	294	298	478	6086
4	353	1	69	409	785	81	157	479	6086
1	301	0	61	893	1030	176	200	479	6087
1092	7	213	1	1542	829	298	160	479	6150
1156	53	225	10	1557	633	300	116	480	6062
59	357	12	65	724	1345	142	264	480	6150
24	770	4	142	752	1495	145	283	481	6062
826	715	160	147	1311	1186	257	242	481	6063
1262	1033	247	192	1501	1294	293	240	481	6111
206	1	40	0	374	218	72	40	482	6112
349	1305	68	245	720	1614	134	300	482	6161
723	4	135	1	1305	665	247	127	482	6162
729	135	136	25	1584	1313	299	248	483	6068
16	326	2	57	517	1253	92	227	483	6112
359	109	68	20	1074	1547	205	300	484	6157
1074	1	205	0	1614	510	300	89	484	6158
344	1212	68	230	613	1485	124	287	485	6157
1	510	0	89	919	1475	181	277	485	6158
950	385	186	73	1504	880	299	172	485	6159
289	760	57	151	1062	1543	207	300	486	6142
1062	1	207	0	1553	547	300	103	486	6143
91	128	18	24	197	234	40	46	486	6160
447	55	86	10	1314	1271	256	255	487	6152
850	982	158	197	1446	1432	274	285	488	6193
1203	860	227	159	1584	1227	300	230	490	6007
150	64	27	11	1037	1112	197	212	490	6195
13	1234	2	231	221	1575	41	300	491	6007
255	5	48	1	441	254	85	50	491	6008
621	1104	116	209	1102	1523	208	285	491	6201
133	1262	26	238	368	1571	72	297	492	6169
744	144	145	27	1541	1387	296	269	492	6170
33	128	6	21	1332	1529	250	282	493	6245
1034	388	194	76	1474	768	280	149	493	6246
106	1340	20	249	350	1610	66	300	494	6264
381	29	73	6	1370	971	264	186	494	6265
35	554	6	99	1543	1577	293	287	495	6268
1033	281	192	57	1337	588	255	120	495	6269
214	1	38	0	1159	1523	222	300	496	6269
5	196	1	38	155	346	26	63	496	6270
827	614	148	119	1448	1501	269	291	497	6241
578	268	115	49	1007	666	198	123	498	6226
993	1	195	0	1478	414	279	72	498	6282
95	1131	17	209	530	1588	98	298	499	6283
521	12	96	2	1156	593	214	110	499	6284
492	911	92	170	997	1479	187	279	500	6275
165	1	30	0	588	464	111	90	500	6275
732	567	137	106	905	901	172	173	501	6295
131	98	25	20	695	617	131	118	501	6299
1160	746	221	142	1556	1167	293	219	501	6316
1060	85	200	16	1603	901	300	168	502	6303
244	115	47	22	1089	1043	202	199	503	6234
106	737	21	137	796	1553	156	297	504	6225
28	892	4	174	305	1288	61	251	505	6261
325	14	64	3	1004	714	194	129	505	6313
1008	792	195	155	1564	1431	300	276	505	6321
17	609	3	116	882	1433	173	276	507	6365
853	1026	157	196	1321	1578	243	300	508	6361
1321	1	243	0	1511	201	282	40	508	6362
16	80	2	15	556	547	104	105	508	6367
1	429	0	79	950	1294	182	241	509	6362
1125	1116	221	221	1450	1510	284	299	509	6363
1239	1	227	0	1631	669	299	120	510	6389
383	414	69	74	1242	1619	228	296	510	6392
40	679	7	122	308	957	59	175	511	6389
679	679	127	129	1175	1386	219	263	511	6422
1221	51	227	8	1603	1040	300	205	511	6423
1	1040	0	205	482	1447	94	287	512	6423
478	83	93	15	1279	923	243	174	512	6425
302	530	57	97	1076	1570	214	300	513	6424
1172	383	233	75	1318	523	261	101	513	6426
1	644	0	123	230	919	43	173	514	6426
338	502	60	95	1254	1477	233	280	514	6446
1010	1	185	0	1601	395	300	73	514	6447
412	569	77	109	1265	1520	249	291	515	6440
1254	9	247	2	1528	464	300	93	515	6441
1	395	0	73	374	727	69	133	515	6447
1	464	0	93	574	1013	109	199	516	6441
244	1235	46	234	721	1509	137	286	517	6381
515	1149	93	226	1120	1564	204	300	518	6504
346	551	62	104	515	724	93	136	518	6504
1120	1	204	0	1606	565	293	105	518	6505
649	37	121	5	1119	753	212	143	519	6439
1	283	0	56	649	838	121	160	519	6506
1256	657	234	124	1616	1017	300	190	520	6474
282	714	50	136	963	1302	170	243	521	6465
198	290	34	58	891	988	159	185	521	6475
1331	1	239	0	1604	452	290	87	521	6672
1307	51	251	10	1571	340	300	65	522	6677
1	477	0	92	346	1542	69	300	523	6677
346	1	69	0	955	1042	182	194	523	6678
970	13	185	2	1416	1336	268	255	523	6679
904	256	179	51	1532	762	300	147	524	6479
1	762	0	147	747	1572	141	300	525	6479
839	1063	157	195	1233	1538	234	286	525	6480
1346	14	257	2	1592	313	300	57	525	6500
1	313	0	57	252	613	46	115	526	6500
824	719	153	139	1453	1352	268	252	526	6518
203	1	36	0	1136	838	208	156	527	6482
1058	589	209	113	1519	1000	298	189	528	6497
635	99	125	17	1084	581	214	107	528	6513
486	295	89	55	1189	1075	215	201	529	6534
12	193	2	35	578	914	112	168	530	6601
1046	653	198	118	1223	841	231	154	530	6604
1252	160	237	32	1546	646	296	129	530	6605
91	284	17	57	729	562	138	111	531	6605
848	484	161	90	1528	1604	286	299	531	6615
1	69	0	14	354	901	60	169	532	6616
807	739	147	143	1257	1429	233	274	532	6656
1099	1	211	0	1551	442	300	84	533	6686
1	442	0	84	980	1582	183	300	534	6686
980	1	183	0	1557	584	300	118	534	6687
1	584	0	118	903	1501	177	300	535	6687
955	932	188	186	1367	1326	269	262	535	6688
317	1102	58	200	569	1380	105	252	537	6650
939	171	177	36	1549	793	300	161	537	6652
8	1122	1	219	269	1370	49	268	537	6653
1	793	0	161	379	1197	74	240	538	6652
908	771	174	151	1269	1051	245	206	538	6653
541	63	103	10	1595	1055	300	204	539	6735
1073	865	199	159	1619	1373	300	253	540	6618
1	1055	0	204	190	1523	39	300	540	6735
59	349	12	68	871	992	164	188	540	6736
17	1221	3	228	308	1597	59	300	541	6727
308	1	59	0	1269	881	237	163	541	6728
1279	390	239	71	1574	1121	294	214	541	6729
334	1	67	0	1077	675	208	126	542	6827
1131	1297	217	239	1374	1653	261	299	542	6827
113	259	22	51	460	610	92	121	542	7082
28	1086	6	195	216	1308	46	240	543	6829
395	1097	80	216	817	1536	160	300	543	6833
817	1	160	0	1148	360	218	64	543	6834
657	36	119	7	1553	1135	288	212	545	6755
1	427	0	86	711	1389	139	276	546	6719
995	104	196	19	1389	480	272	92	546	6720
87	1083	18	210	702	1562	133	298	547	6742
691	1084	131	206	1116	1584	212	300	547	6772
1116	1	212	0	1577	515	294	95	547	6773
911	882	160	159	1301	1572	235	289	548	6721
1058	14	196	3	1649	600	298	104	550	6741
1	612	0	106	796	1654	148	300	551	6741
180	1	31	0	768	671	145	131	552	6705
790	617	149	113	1552	1126	295	213	552	6746
692	246	132	44	1152	670	220	128	553	6848
501	1	98	0	1263	541	245	105	554	6777
223	920	38	171	456	1259	80	236	555	6862
755	6	146	1	1528	698	297	142	556	6865
597	865	114	164	1008	1377	193	264	557	6867
1012	621	194	120	1375	1387	266	269	557	6870
42	390	6	81	520	857	103	176	558	6869
650	19	127	3	1136	547	222	106	558	6870
1136	122	222	24	1557	834	300	160	558	6871
459	1144	88	228	650	1361	127	272	559	6873
937	291	187	57	1399	1130	280	226	559	6876
665	95	130	18	942	412	188	84	559	6878
1	821	0	145	421	1432	80	262	560	6974
456	116	86	22	1652	1578	300	283	560	6975
55	373	11	75	710	1496	133	287	561	6976
721	287	135	56	1504	1375	287	267	561	6977
154	198	32	38	877	802	168	153	562	6731
811	530	156	99	1469	1559	274	293	562	6973
1	589	0	118	154	743	32	150	562	6978
580	942	105	174	1464	1471	276	273	563	6909
92	1	16	0	735	669	134	125	563	6909
1498	136	271	23	1636	285	300	54	564	6929
351	1031	68	189	884	1621	169	299	565	6901
891	12	170	2	1302	344	250	66	565	6902
1277	1177	244	219	1573	1550	300	288	565	6925
1	285	0	54	398	1283	78	238	565	6929
935	319	176	60	1651	1365	300	254	566	6902
47	16	9	3	352	552	65	106	566	6926
703	113	130	22	935	263	176	51	566	6927
1	1365	0	254	212	1576	39	293	567	6902
977	649	190	121	1505	1167	290	217	567	6905
257	784	48	152	1020	1528	199	297	567	6906
30	745	6	145	800	1552	151	294	568	6927
417	223	73	44	1251	1076	236	205	570	7073
1210	724	228	136	1579	1182	299	225	570	7128
479	1	94	0	683	146	131	28	571	6915
227	412	42	77	739	888	140	164	571	7025
1	1182	0	225	306	1525	58	293	571	7128
70	1	15	0	774	705	149	132	572	6973
623	1250	121	250	794	1520	153	300	572	6978
1349	365	257	65	1556	604	298	110	572	6979
154	89	30	16	524	768	93	135	573	7153
294	1084	58	202	658	1600	122	300	574	7048
129	748	22	133	605	1427	112	264	575	7054
714	1	135	0	1130	533	214	101	576	7069
392	1044	74	194	702	1427	133	265	577	7126
772	56	145	8	1609	1418	298	262	577	7127
305	397	55	75	526	566	95	105	578	7128
738	1	134	0	1642	961	300	178	578	7158
1001	792	178	141	1528	1408	280	267	579	7090
1	961	0	178	139	1115	24	206	579	7158
144	168	25	31	853	1155	151	220	579	7159
299	1387	56	272	470	1551	86	300	580	7091
470	1	86	0	862	794	163	156	580	7092
1265	1054	241	197	1568	1463	300	274	580	7093
1	1463	0	274	147	1609	25	299	581	7093
899	388	169	73	1282	1056	240	201	581	7121
245	1122	46	212	860	1593	162	300	582	7122
860	1	162	0	1390	585	265	114	582	7123
1253	1089	240	200	1513	1345	289	247	582	7147
1129	866	206	161	1530	1615	277	300	583	7156
1	129	0	21	470	582	85	101	584	7157
463	1347	84	259	678	1581	123	300	584	7160
115	121	20	25	447	473	81	90	585	7162
475	97	87	17	749	482	136	85	585	7163
174	305	32	55	830	1048	155	196	586	7137
1114	653	208	124	1573	1129	291	210	586	7220
380	666	70	126	954	1253	169	234	587	7252
620	273	118	49	1602	1239	300	228	589	7237
1	1239	0	228	405	1620	76	300	590	7237
405	1	76	0	1456	919	280	178	590	7238
662	1006	116	190	1114	1566	202	298	591	7255
1471	804	270	146	1634	1016	300	186	591	7256
261	10	52	2	765	513	144	94	592	7149
1	1016	0	186	124	1146	23	211	592	7256
474	147	86	30	1605	1021	300	200	594	7260
1217	72	229	16	1382	237	258	45	594	7261
1	1021	0	200	318	1531	61	295	595	7260
676	30	128	5	1444	857	273	159	596	7106
696	119	120	21	943	305	173	61	612	7041
