b1	b2	bw1	bw2	e1	e2	ew1	ew2	seq1	seq2
1257	1228	250	243	1489	1469	300	293	408	19
39	1	7	0	349	334	69	66	409	20
832	676	160	140	982	825	188	168	1284	54
882	1035	177	198	1341	1497	278	300	177	60
621	554	125	112	793	723	160	146	1011	62
10	315	1	58	644	702	128	135	1106	64
68	537	11	105	857	1274	167	250	424	66
835	1	170	0	1100	269	226	56	1275	72
1	581	0	112	134	723	27	141	567	73
1	117	0	25	237	517	48	103	567	74
847	1205	166	234	1133	1529	226	300	803	74
1133	1	226	0	1501	374	300	75	803	75
1	374	0	75	185	568	40	118	804	75
1086	94	209	18	1337	341	262	70	253	82
68	290	11	55	861	957	168	186	424	94
939	16	193	3	1112	226	230	49	1286	100
1288	786	261	157	1470	964	300	195	183	103
769	25	148	5	993	199	195	43	151	105
1131	1028	231	206	1463	1365	300	277	966	105
815	76	167	16	1227	454	251	94	966	106
100	1	21	0	290	198	59	40	967	106
781	409	158	79	917	545	186	107	878	111
1268	750	264	148	1394	872	289	172	1288	111
1099	1085	219	218	1462	1416	296	289	762	117
239	660	51	135	533	907	116	188	516	119
1	893	0	191	697	1390	142	292	390	125
1336	217	263	44	1503	380	300	80	434	127
165	1099	32	210	358	1306	68	249	264	131
1204	458	236	88	1432	680	281	131	1313	131
734	652	143	130	1065	954	212	193	132	132
881	687	174	129	1132	891	224	171	1036	133
1018	523	212	102	1448	963	299	191	544	134
1	969	0	192	210	1176	44	235	545	134
260	608	50	124	530	874	103	177	690	135
778	1369	149	273	902	1490	177	300	810	135
1031	183	214	37	1145	297	238	61	1085	136
253	1057	49	219	540	1306	108	271	132	137
1144	220	232	44	1482	558	300	112	390	139
712	771	145	158	898	949	182	193	1271	150
53	672	10	132	199	815	39	160	348	151
940	277	186	60	1407	670	280	142	231	157
439	1	83	0	658	636	124	121	594	159
146	6	32	1	381	246	79	50	1432	163
856	697	161	144	1082	928	206	190	812	166
394	412	76	87	696	601	136	125	940	169
1353	1	261	0	1548	175	300	35	1221	170
491	191	89	39	1401	1099	277	225	293	196
1	289	0	61	1325	1493	263	299	306	197
75	127	15	27	430	535	89	111	307	198
223	78	45	17	415	262	86	56	1479	201
421	789	87	159	767	1140	158	231	1479	203
165	438	34	87	506	740	107	149	905	205
10	364	1	76	213	578	43	120	1479	207
1174	468	229	90	1480	775	292	155	727	208
1	694	0	137	691	1504	137	300	728	208
693	1	138	0	825	140	163	27	728	209
1126	171	224	35	1483	507	297	102	822	212
186	868	37	167	314	996	64	194	400	217
449	431	85	81	686	659	133	126	599	217
425	1	87	0	715	302	146	61	223	218
47	80	9	16	341	373	73	81	750	219
1167	864	237	179	1368	1063	278	219	977	219
1307	1082	261	210	1495	1283	300	252	828	221
1	1283	0	252	237	1512	50	300	829	221
237	1	50	0	451	308	96	67	829	222
225	944	46	184	803	1523	161	299	784	227
1	1304	0	244	233	1536	44	288	623	233
1291	1205	246	239	1556	1465	300	292	812	239
1191	1025	247	197	1441	1273	297	247	99	241
390	1175	76	236	582	1352	116	273	589	246
536	163	103	31	1343	1219	272	246	587	247
1335	48	270	9	1490	203	300	39	587	248
1	203	0	39	505	754	104	152	588	248
467	1101	96	218	795	1456	164	291	588	248
795	676	164	126	1438	1504	300	297	588	249
14	1	3	0	364	513	71	98	589	250
98	1099	19	217	311	1266	65	252	313	265
310	190	64	38	434	315	90	64	805	265
1	708	0	140	426	1129	86	226	663	267
621	810	118	160	1093	1178	213	238	671	269
1064	515	203	104	1563	1009	295	195	607	272
747	38	148	7	1309	606	262	121	396	277
1247	877	240	180	1457	1106	283	228	813	278
1022	82	200	17	1170	231	230	47	65	280
1078	1045	210	207	1309	1279	254	252	985	280
202	299	40	60	464	578	92	118	1430	283
1178	733	245	143	1451	1013	300	200	672	284
299	376	58	71	587	669	111	126	591	287
309	1082	61	208	536	1337	107	260	799	293
101	1009	19	188	448	1364	91	262	1038	298
933	1	190	0	1215	337	248	71	423	304
1110	905	222	182	1426	1189	287	239	810	304
954	850	193	173	1255	1183	254	240	615	307
760	38	160	7	1447	580	299	116	674	307
568	797	113	159	1096	1335	215	265	662	311
1337	1232	270	251	1480	1377	297	279	619	312
699	79	144	16	946	310	196	63	137	313
30	1040	6	206	219	1406	42	276	1468	315
1135	966	232	190	1412	1535	285	300	750	318
419	1	84	0	634	214	129	44	1200	318
555	749	116	150	684	885	143	179	805	319
426	61	88	12	712	310	149	68	513	321
57	271	9	51	982	1263	197	251	186	324
883	647	169	125	1334	1093	265	220	1006	325
939	921	189	183	1071	1053	218	212	186	327
305	438	63	81	562	695	117	135	971	327
41	36	7	7	501	516	98	99	412	328
122	1338	22	255	305	1540	63	300	818	328
305	1	63	0	779	448	157	89	818	329
497	1262	99	254	631	1405	129	285	475	332
39	895	8	186	186	1031	39	214	196	333
1	446	0	90	271	777	58	162	943	333
1016	916	209	171	1196	1098	242	206	919	334
149	1305	30	248	398	1557	82	300	929	336
743	330	158	62	1047	653	215	123	943	336
398	1	82	0	1531	1506	300	300	929	337
1	1181	0	228	326	1506	72	300	930	337
326	1	72	0	1055	675	224	142	930	338
17	373	2	71	247	621	51	123	616	342
1154	596	226	122	1305	764	257	156	389	346
1042	1	202	0	1262	222	239	37	1090	347
1	435	0	84	146	567	31	112	226	351
750	366	147	77	1017	673	203	142	1434	352
1	360	0	73	615	843	125	173	390	353
239	414	44	86	553	697	109	144	42	358
711	1	140	0	972	340	193	71	110	361
1142	1	245	0	1401	392	300	82	528	361
22	863	4	174	298	1112	57	222	529	361
787	646	161	123	926	788	189	152	1494	369
1364	380	267	73	1535	551	300	106	962	372
566	760	118	152	1207	1421	246	284	706	373
108	417	19	85	239	549	46	112	708	373
160	636	29	118	369	845	71	160	1471	374
975	1057	186	204	1220	1302	238	256	594	378
446	540	88	99	867	974	169	182	727	379
1	1200	0	217	321	1564	69	296	528	380
140	144	27	28	461	400	96	83	738	383
311	426	64	79	574	763	118	149	1444	385
959	296	205	62	1238	575	261	118	630	386
25	1060	3	221	205	1230	42	258	455	387
78	8	15	1	198	352	40	71	455	388
350	371	69	73	578	584	112	113	512	394
437	461	89	92	968	830	192	163	228	397
384	1128	80	221	567	1304	116	256	97	398
1213	81	247	19	1476	332	300	68	706	399
1	332	0	68	595	926	117	183	707	399
1221	1	249	0	1476	252	300	50	706	400
1	252	0	50	595	828	117	164	707	400
1256	600	242	110	1538	890	300	171	707	402
756	1	147	0	1165	391	225	73	707	405
165	1	33	0	343	208	71	46	86	419
519	370	105	75	945	843	190	172	226	420
1	189	0	36	446	826	88	162	538	422
1246	256	253	50	1465	473	296	93	740	423
110	857	22	168	672	1348	137	267	383	427
573	964	113	188	764	1155	151	226	828	437
1249	1350	255	275	1344	1460	277	300	635	442
555	546	117	107	993	965	207	192	674	446
260	1159	50	227	600	1512	118	300	1206	446
149	1031	29	202	330	1222	67	242	1289	453
267	1227	57	244	459	1417	96	282	1201	454
363	429	71	86	1159	1466	238	299	1200	455
1	995	0	209	264	1261	54	264	951	456
484	1	102	0	847	268	180	58	255	459
1	1147	0	221	294	1522	61	300	37	460
298	18	62	4	616	356	128	74	37	461
222	453	43	90	486	669	98	135	833	463
189	1233	37	239	484	1482	98	290	832	474
1	321	0	63	358	699	74	141	598	475
567	1	120	0	977	414	207	87	189	477
612	821	125	163	1094	1282	225	259	685	480
443	723	91	134	970	1394	195	272	802	481
1	978	0	192	245	1200	51	238	600	482
29	242	5	47	200	427	38	84	1011	486
882	1	178	0	1214	238	245	47	763	489
1070	953	209	185	1467	1356	294	272	1031	489
186	1078	36	211	441	1340	89	265	832	490
895	623	175	125	1278	1005	255	203	1465	493
1241	1147	250	230	1475	1390	300	282	1480	493
97	1136	18	231	494	1460	103	300	530	494
494	1	103	0	958	383	203	82	530	495
962	167	204	35	1412	505	300	108	530	496
490	1106	94	229	735	1384	145	287	819	496
733	78	142	15	1144	521	227	107	952	497
944	616	191	122	1431	1105	298	228	87	501
5	921	1	182	723	1527	138	300	93	510
1261	987	256	206	1484	1201	300	248	1106	514
648	1040	131	190	1068	1456	218	276	1094	517
1102	1123	225	217	1347	1360	276	266	1094	518
535	13	112	2	996	498	202	98	320	520
260	1223	53	236	626	1501	122	289	1244	532
578	1	112	0	770	196	150	39	1244	533
616	726	120	147	792	902	156	183	32	543
121	1084	25	215	661	1507	135	300	31	545
661	1	135	0	1323	644	265	130	31	546
8	1163	2	227	165	1309	32	255	389	548
1	83	0	16	188	274	41	57	695	551
1100	666	210	124	1457	1043	281	200	1260	560
134	46	28	10	418	279	85	61	188	569
737	534	141	110	888	731	168	146	992	570
1206	82	244	19	1437	307	291	65	74	580
269	980	54	185	392	1100	79	210	685	585
557	500	116	107	670	624	140	134	554	587
31	311	4	60	462	713	97	142	554	588
1111	596	222	120	1342	819	271	167	85	596
746	313	153	61	959	514	197	103	557	597
568	268	114	53	863	546	176	110	545	598
756	882	143	170	1362	1516	262	296	440	603
295	709	58	139	641	975	129	198	788	609
332	214	65	41	674	528	132	102	387	615
610	1340	124	269	766	1496	155	300	1453	616
996	866	192	176	1566	1471	300	291	483	617
766	10	155	2	1052	391	212	75	1453	617
39	1	8	0	284	238	56	45	484	618
767	474	155	88	1218	813	253	160	589	618
241	678	39	136	556	972	102	193	1463	619
1000	1072	196	210	1271	1345	249	263	439	633
567	140	118	26	830	380	170	73	470	638
88	1459	17	272	207	1595	42	300	636	638
1214	69	239	13	1509	371	300	75	480	645
278	1023	60	207	634	1428	135	293	556	647
1294	977	245	189	1558	1224	300	239	1452	650
1	1224	0	239	302	1537	58	300	1453	650
267	811	49	167	690	1241	139	258	610	653
594	190	119	37	981	897	198	175	610	655
38	871	6	171	239	1086	45	212	460	660
510	448	102	89	726	705	146	141	624	660
1244	184	249	33	1492	469	300	92	226	661
1	469	0	92	192	669	38	131	227	661
202	105	40	23	726	643	146	132	227	663
903	751	188	148	1158	1161	244	235	555	665
273	647	59	123	749	1151	159	227	556	666
1237	444	253	88	1351	576	277	116	604	667
525	1267	106	248	647	1391	135	278	386	668
377	686	79	132	588	831	123	161	1439	668
31	508	5	103	444	967	89	196	485	671
1118	278	231	56	1436	634	293	125	609	674
1297	506	246	101	1558	771	300	156	1452	682
1	771	0	156	418	1199	82	242	1453	682
480	810	95	160	644	989	128	197	538	687
89	1200	18	236	263	1387	57	277	556	687
1	593	0	120	136	721	24	144	225	696
1	578	0	113	438	1053	80	200	517	700
1321	28	247	6	1439	159	271	33	909	711
481	223	97	42	688	418	136	80	710	714
53	584	11	112	389	894	76	174	823	716
144	635	30	122	391	887	80	172	903	720
1225	809	236	162	1530	1075	299	218	902	726
15	400	2	77	756	1173	159	240	975	741
195	371	40	64	303	479	63	87	975	742
595	717	122	127	872	1007	179	187	942	751
1264	1105	262	223	1442	1292	300	263	797	755
1038	68	203	14	1439	480	285	99	758	760
180	1167	38	240	455	1465	93	300	96	764
948	144	194	27	1150	363	234	71	401	764
328	1164	69	239	631	1465	131	300	956	764
177	1290	35	250	385	1494	75	289	534	765
209	227	45	44	781	901	158	181	878	777
454	224	98	43	1112	897	231	180	927	777
1	607	0	121	510	1114	110	231	175	778
743	14	143	3	1126	459	222	96	751	779
160	1117	29	225	407	1358	79	275	1471	787
646	115	129	24	808	299	162	61	35	793
391	430	80	84	698	762	143	151	142	802
843	129	168	28	1129	407	227	85	698	803
1151	397	235	80	1469	681	300	139	1494	804
1	681	0	139	244	907	50	185	1495	804
1044	335	206	66	1510	959	300	191	1446	805
1	959	0	191	162	1108	35	224	1447	805
1	55	0	11	442	581	88	115	511	807
480	413	94	84	750	696	145	138	570	811
1030	1	196	0	1244	207	239	41	1027	813
1	1419	0	278	107	1525	22	300	1488	813
56	7	11	1	493	425	103	90	1488	814
1175	1	238	0	1325	152	269	31	917	819
63	553	11	107	241	723	48	142	1443	819
250	204	45	39	725	929	143	186	1007	822
910	596	175	112	1123	802	218	153	580	823
1	529	0	102	747	1354	149	267	1204	840
1164	591	234	114	1475	920	300	183	427	843
1118	559	215	112	1546	764	300	151	1003	844
876	1283	176	255	1095	1499	222	300	726	846
1095	1	222	0	1403	387	286	79	726	847
1	813	0	160	395	1205	82	241	608	858
427	47	83	11	1556	1145	300	223	523	860
1	1145	0	223	339	1486	70	294	524	860
129	1185	24	240	421	1487	82	300	1269	866
421	1	82	0	1201	793	239	160	1269	867
185	1007	41	212	309	1127	67	238	50	869
1029	334	213	69	1362	674	283	141	1432	869
129	424	27	85	746	1091	149	219	174	873
920	689	195	140	1118	890	234	180	974	875
6	1236	1	254	223	1448	48	300	1445	877
223	1	48	0	586	367	119	72	1445	878
279	902	50	182	840	1496	161	300	1309	879
495	1	93	0	1512	687	300	141	1309	880
1	687	0	141	247	941	54	196	1310	880
611	1	124	0	918	348	187	68	545	893
712	107	140	23	1026	497	203	98	551	894
209	1068	45	213	682	1513	136	297	878	896
634	1	119	0	881	247	166	47	1278	896
94	958	16	188	583	1464	118	291	180	900
1	895	0	180	632	1460	131	300	1093	906
310	1240	59	246	578	1510	112	300	1487	913
321	355	68	71	671	679	136	133	1489	913
578	1	112	0	904	333	178	68	1487	914
488	1	102	0	906	1228	188	240	1488	917
1065	663	215	128	1490	1186	298	229	934	919
460	44	92	9	1121	707	229	146	966	937
905	670	176	137	1138	906	228	190	1291	941
669	1186	131	240	992	1481	195	298	688	946
389	136	79	27	1479	1074	295	213	58	949
673	126	139	25	1199	787	242	153	59	949
397	109	81	22	1481	921	300	186	59	950
857	752	178	153	1407	1080	293	219	64	950
225	18	42	4	401	211	78	43	813	965
792	189	158	38	1449	811	295	166	258	966
49	5	9	1	355	304	74	65	996	967
35	910	5	189	375	1431	78	300	1308	971
375	1	78	0	589	285	123	60	1308	972
583	1056	113	216	963	1457	189	300	1116	974
670	435	140	85	1061	820	219	163	513	977
251	1298	48	252	480	1539	93	300	653	981
1166	319	233	63	1316	488	260	95	682	982
1365	1310	264	259	1523	1499	298	300	1218	982
321	155	68	32	807	647	164	130	1489	990
566	912	105	184	814	1343	155	270	146	992
1	394	0	77	170	550	35	110	625	992
479	795	95	158	638	944	129	189	767	993
1334	374	268	75	1480	520	299	106	631	995
1	525	0	107	198	695	40	140	632	995
583	1182	114	240	724	1325	143	269	753	995
1112	1129	222	217	1502	1469	299	283	664	997
42	1	9	0	242	193	47	36	665	998
500	1	98	0	680	180	134	36	109	1005
1288	784	260	160	1481	997	300	204	769	1005
54	199	10	38	311	449	64	90	480	1031
115	488	24	98	467	851	93	169	430	1034
695	1	139	0	1270	500	248	93	776	1036
879	124	181	24	1168	429	238	84	625	1047
101	1003	18	197	785	1504	157	300	180	1049
922	604	182	121	1487	1136	298	231	1487	1050
15	779	3	150	296	1058	61	208	1446	1052
443	1290	95	259	622	1476	135	300	82	1054
622	1	135	0	1171	591	248	120	82	1055
303	65	63	13	840	498	176	101	84	1055
142	1181	26	228	470	1522	95	300	593	1069
1181	1022	231	212	1372	1221	266	249	445	1072
223	837	49	152	599	1272	129	242	695	1073
18	997	4	182	299	1272	66	242	696	1073
111	934	21	191	489	1321	104	276	921	1074
571	217	122	44	1119	1013	241	211	695	1076
271	217	59	44	819	1013	178	211	696	1076
587	449	119	85	976	843	200	167	593	1077
939	606	185	123	1300	973	256	195	464	1079
912	1286	189	257	1082	1493	225	300	1488	1079
1082	1	225	0	1444	368	300	75	1488	1080
789	1113	158	219	975	1283	194	252	1112	1081
1118	307	218	58	1369	576	271	115	1262	1081
219	1026	42	210	582	1285	117	265	833	1085
1144	1237	230	241	1487	1476	300	289	699	1086
57	1	11	0	389	337	77	66	700	1087
201	385	40	73	849	1032	173	207	796	1091
442	717	87	146	713	985	145	203	817	1092
334	1133	67	230	1021	1425	206	290	1033	1096
984	1146	198	220	1276	1476	255	284	1236	1100
695	390	141	71	1093	788	228	159	1312	1101
40	346	7	63	312	618	58	114	756	1104
1180	1237	240	246	1432	1470	296	298	971	1105
921	488	188	93	1081	647	219	124	1296	1108
744	1155	154	225	1058	1498	221	298	1448	1109
1072	1	224	0	1443	368	295	70	1448	1110
201	966	38	196	508	1274	104	261	559	1112
1147	666	229	133	1294	817	260	165	753	1112
1046	239	200	49	1526	690	300	142	723	1114
236	1048	48	210	805	1352	160	268	780	1114
259	344	51	66	540	679	112	138	104	1115
83	75	16	17	343	335	71	72	1305	1116
191	129	37	24	1360	903	277	182	726	1117
1	451	0	93	350	804	68	162	1428	1124
856	1321	166	248	1102	1584	215	300	1280	1132
1167	386	235	71	1373	593	278	114	949	1134
289	1	55	0	775	429	161	94	266	1136
565	739	114	146	1302	1494	265	300	1445	1137
1302	1	265	0	1485	192	299	35	1445	1138
50	254	9	55	262	479	55	104	1092	1139
279	1187	50	237	522	1413	97	281	916	1140
1248	1072	249	214	1501	1316	300	264	1465	1149
856	1186	166	233	1126	1448	218	284	1280	1151
397	572	80	116	1431	1549	281	300	1302	1162
10	140	2	26	1041	826	213	167	1303	1163
673	327	128	67	785	439	150	89	93	1166
1	686	0	134	321	1067	69	219	528	1168
221	1	46	0	962	698	204	148	530	1169
903	183	171	34	1482	766	281	145	106	1171
1	1315	0	253	247	1529	53	300	900	1172
222	629	43	129	615	906	124	187	833	1173
247	1	53	0	437	195	91	38	900	1173
1058	31	207	7	1266	204	250	44	1475	1176
199	915	41	182	887	1442	184	292	1107	1177
1304	148	259	31	1507	349	300	71	730	1181
1	349	0	71	256	546	47	106	731	1181
391	355	80	67	1502	1371	300	270	142	1182
450	13	88	3	633	190	123	36	1449	1182
619	505	122	103	1126	970	226	197	20	1183
129	1	26	0	343	210	71	45	143	1183
112	342	20	72	382	615	75	127	158	1190
1096	1104	218	221	1264	1355	250	271	1461	1190
663	1130	132	222	1029	1512	206	300	1219	1191
1069	1	213	0	1490	656	296	128	1461	1191
1029	1	206	0	1336	283	263	52	1219	1192
688	994	145	194	1102	1498	232	299	181	1194
1109	7	233	1	1445	351	300	69	181	1195
1	351	0	69	1144	1448	240	300	182	1195
773	718	163	145	1023	1289	215	260	181	1196
1149	5	241	1	1435	284	300	60	182	1196
1	284	0	60	311	618	64	127	183	1196
850	143	184	29	1011	307	219	64	633	1198
1029	1340	213	252	1294	1559	269	298	1432	1201
1246	5	260	1	1442	203	300	42	1432	1202
1	203	0	42	230	545	49	114	1433	1202
5	787	1	157	785	1498	156	299	173	1204
600	891	119	177	1191	1516	236	300	666	1208
416	1301	73	248	655	1545	123	299	254	1209
1191	1	236	0	1516	343	297	67	666	1209
1083	901	214	167	1368	1160	273	221	697	1209
705	340	138	70	1040	730	206	146	551	1210
1263	1040	266	185	1387	1150	292	208	176	1211
58	317	12	65	468	714	100	151	829	1215
1115	169	214	33	1546	397	300	78	1003	1216
370	588	74	114	1050	1299	217	265	1295	1216
1	1071	0	216	232	1303	46	266	1296	1216
571	844	117	163	907	1100	188	216	16	1221
83	922	13	186	353	1237	69	253	1314	1222
176	1	39	0	733	308	155	61	217	1228
969	472	190	85	1302	792	258	150	313	1229
45	151	9	31	356	408	69	82	395	1240
727	1	147	0	871	143	176	28	907	1241
558	398	107	80	837	684	158	132	1108	1241
933	140	202	27	1082	298	233	60	978	1245
345	863	63	170	609	1140	114	224	1440	1245
367	15	72	3	989	551	200	113	194	1248
604	1	124	0	1377	597	288	123	1364	1248
156	440	29	83	443	721	89	142	1211	1252
297	126	54	24	653	335	123	63	1440	1252
493	901	94	179	776	1188	150	236	1225	1254
532	765	102	147	1396	1505	284	300	824	1255
306	1	61	0	545	240	104	43	1108	1255
1	78	0	15	233	275	47	55	825	1256
990	690	189	139	1542	1201	300	242	1097	1258
1	1201	0	242	296	1480	63	300	1098	1258
1096	67	229	13	1421	396	299	84	305	1260
1	396	0	84	1313	1483	260	300	306	1260
1313	1	260	0	1504	173	300	36	306	1261
75	159	15	33	430	554	89	113	307	1261
931	451	190	84	1378	844	277	163	1282	1264
1300	350	262	69	1481	551	300	111	394	1265
1040	96	210	19	1428	708	290	142	1203	1266
1294	1043	256	210	1512	1253	300	252	449	1267
633	612	124	127	952	1063	189	215	449	1267
1	1253	0	252	247	1498	48	300	450	1267
242	1	47	0	1492	1206	300	242	450	1268
1	1206	0	242	309	1512	58	300	451	1268
311	5	59	1	1511	1200	300	239	451	1269
1	1200	0	239	583	1510	111	300	452	1269
583	1	111	0	1190	628	228	121	452	1270
1199	1269	230	241	1463	1550	286	300	452	1271
62	1280	12	257	293	1505	54	298	452	1272
1	75	0	14	609	696	124	140	453	1272
679	49	138	9	1052	437	210	84	453	1273
662	5	125	1	911	275	177	58	926	1274
390	825	75	160	891	1212	176	242	901	1277
267	475	54	99	910	1109	184	226	1222	1278
1065	839	215	173	1490	1284	298	260	934	1279
1070	243	209	48	1467	639	294	133	1031	1279
359	6	72	1	612	234	123	48	965	1280
395	1	73	0	519	121	100	26	917	1283
39	437	8	93	1048	1028	201	210	1205	1283
133	833	27	166	741	1473	147	293	532	1284
1209	305	244	57	1478	589	300	116	531	1285
753	62	145	12	899	214	177	45	1226	1287
521	628	105	128	1018	1225	206	243	354	1288
1093	47	221	10	1487	449	300	93	997	1291
6	449	1	93	1044	1440	220	300	998	1291
1044	1	220	0	1219	181	259	37	998	1292
372	1	77	0	934	577	197	123	524	1293
1	92	0	19	216	342	42	67	1206	1294
724	550	147	109	1018	794	206	160	354	1296
39	1122	6	225	394	1460	84	298	976	1296
311	997	56	193	517	1217	95	234	29	1300
1090	627	210	125	1567	1111	300	216	1463	1302
432	1004	86	203	674	1266	133	254	899	1303
727	28	140	6	893	194	176	42	298	1304
960	1012	191	216	1101	1190	220	251	299	1304
1291	681	249	136	1540	913	300	184	724	1307
303	200	59	43	879	551	176	112	713	1312
598	918	118	185	1153	1472	232	300	691	1314
1033	1125	209	225	1361	1452	276	292	262	1315
1153	1	232	0	1473	311	299	64	691	1315
703	508	144	107	1364	1072	280	223	342	1317
953	407	184	78	1397	887	264	166	893	1318
698	408	132	77	922	641	178	125	893	1319
627	1270	123	250	813	1475	161	292	936	1321
930	773	184	153	1482	1283	300	260	356	1322
1	1283	0	260	128	1410	26	286	357	1322
1310	1052	254	204	1515	1208	300	238	152	1324
394	823	79	165	791	1191	164	244	800	1325
828	1	172	0	1075	238	224	50	800	1326
741	237	154	45	1434	882	299	181	8	1327
1	882	0	181	641	1470	130	300	9	1327
919	666	186	134	1347	839	274	171	11	1327
149	1307	28	262	326	1497	63	300	791	1328
326	1	63	0	698	399	133	76	791	1329
620	653	127	127	1322	1533	274	300	880	1329
324	744	62	146	979	1068	198	214	881	1329
611	21	119	5	1189	586	231	119	473	1332
625	783	127	155	855	1020	174	203	1459	1332
1226	1251	238	241	1519	1549	296	300	580	1334
1295	662	247	128	1556	923	300	181	812	1335
983	83	194	16	1468	445	294	90	937	1341
1	128	0	26	572	273	116	56	938	1341
1222	574	247	118	1472	740	300	153	540	1346
342	800	67	161	996	1457	202	296	194	1347
570	792	116	159	1253	1450	261	294	1364	1347
155	102	33	20	462	356	94	70	1460	1347
1059	663	215	128	1434	1019	294	203	143	1348
1	893	0	187	538	1418	115	300	429	1349
183	52	36	12	351	219	74	50	627	1349
486	386	88	84	768	778	148	165	964	1349
772	1	162	0	1448	690	298	138	136	1351
10	661	2	132	466	1198	97	242	137	1351
1	118	0	25	1440	1428	300	296	91	1352
27	1	5	0	1476	1425	300	290	92	1353
54	1	11	0	1540	1473	300	285	93	1354
215	361	44	74	481	633	102	134	633	1356
732	1227	148	255	948	1452	191	300	1289	1356
4	719	1	139	528	1003	110	198	181	1357
948	1	191	0	1145	199	232	41	1289	1357
8	364	2	77	143	508	31	108	199	1358
246	1288	51	266	426	1455	88	300	596	1358
902	679	189	136	1058	835	221	167	805	1361
210	792	42	157	614	1229	127	245	431	1363
460	1	91	0	819	336	160	64	667	1364
17	440	3	90	370	808	70	162	808	1365
543	868	112	172	1089	1518	217	300	755	1366
274	1	55	0	854	595	171	118	780	1369
1129	347	235	70	1287	506	269	104	192	1370
851	503	173	109	1293	903	267	193	613	1373
6	641	1	128	369	1005	74	201	39	1374
241	174	39	34	437	388	76	75	1463	1374
107	219	21	45	401	525	83	110	36	1375
1270	742	251	151	1497	984	300	203	485	1375
1	984	0	203	455	1446	94	300	486	1375
455	1	94	0	1356	893	277	185	486	1376
915	487	180	98	1482	1053	300	217	298	1381
1	1053	0	217	402	1452	83	300	299	1381
610	478	117	96	1475	1317	300	274	426	1381
482	960	99	194	863	1315	178	268	86	1382
402	1	83	0	921	507	184	99	299	1382
117	1	22	0	652	507	126	99	427	1382
831	1	155	0	1508	617	300	132	81	1383
1	617	0	132	108	723	25	157	82	1383
677	1043	142	212	949	1348	197	275	136	1384
949	7	197	1	1448	722	298	146	136	1385
10	693	2	140	297	1077	63	218	137	1385
277	747	57	153	987	1459	203	300	825	1402
987	1	203	0	1439	525	300	110	825	1403
1	525	0	110	971	1463	197	300	826	1403
1104	1064	227	209	1440	1393	300	280	86	1405
970	712	192	138	1147	891	226	174	109	1405
98	1	19	0	197	99	41	22	87	1406
448	881	95	171	877	1081	176	208	50	1408
215	1032	44	206	681	1499	138	300	784	1409
206	918	39	194	588	1428	117	300	160	1417
291	475	58	99	592	682	124	144	777	1417
397	223	80	43	1531	1255	300	243	1302	1421
1	1255	0	243	286	1534	60	300	1303	1421
286	1	60	0	915	614	189	127	1303	1422
667	739	134	158	1213	1294	245	271	184	1424
401	1215	82	244	652	1494	134	300	142	1425
652	1	134	0	1490	816	297	160	142	1426
1	816	0	160	339	1126	70	224	143	1426
332	1	67	0	657	277	137	61	777	1430
284	876	56	168	602	1073	123	210	550	1431
897	107	185	22	1201	576	246	116	586	1434
53	928	10	184	394	1294	84	263	1469	1434
502	79	104	13	1244	610	260	122	1469	1435
1407	10	271	2	1525	128	297	28	146	1444
236	220	48	45	854	850	171	170	780	1444
491	499	104	103	1288	1283	277	268	633	1445
259	108	51	23	540	454	112	98	104	1446
397	72	80	15	1531	1070	300	205	1302	1450
24	1101	5	212	430	1476	89	292	1303	1450
1026	723	207	149	1480	1215	295	243	700	1451
430	1	89	0	896	303	185	63	1303	1451
494	670	91	138	817	1018	151	202	756	1455
153	183	29	35	1132	1197	223	236	1476	1456
747	917	145	183	1320	1502	261	300	1475	1457
1320	1	261	0	1509	193	300	40	1475	1458
975	1220	186	242	1220	1473	238	295	594	1459
51	93	11	20	570	602	119	127	611	1459
825	1112	165	220	1289	1492	261	300	1429	1462
1115	638	234	124	1441	972	300	194	105	1471
6	979	1	196	327	1297	61	256	106	1471
127	1	29	0	472	327	103	69	105	1473
748	1303	154	259	937	1499	193	300	622	1474
937	1	193	0	1184	246	245	51	622	1475
810	696	160	139	1072	957	211	190	728	1477
623	341	134	68	1168	909	247	182	21	1482
592	681	119	138	824	977	168	197	833	1483
126	1398	26	269	296	1565	58	300	667	1493
296	1	58	0	1570	1190	300	229	667	1494
861	1	175	0	1181	347	240	70	608	1495
1245	727	241	145	1386	879	271	178	1235	1502
339	1035	70	209	589	1343	123	273	1308	1502
555	698	118	148	1179	1364	244	286	154	1514
102	1110	21	236	444	1364	96	286	156	1514
241	755	48	160	645	1160	135	246	471	1514
1	373	0	75	729	1420	152	298	37	1516
1	928	0	181	195	1132	38	222	820	1517
126	267	28	53	832	826	161	160	734	1520
695	696	136	136	1499	1277	298	250	734	1520
903	792	181	147	1087	967	215	179	445	1524
607	1105	125	215	1071	1525	218	300	598	1525
610	563	121	106	944	888	191	172	619	1525
1071	1	218	0	1359	353	277	72	598	1526
119	805	23	160	693	1394	143	281	441	1527
93	1282	18	254	344	1525	66	300	445	1529
593	372	123	77	1051	806	217	167	268	1530
277	918	56	177	664	1323	140	264	89	1532
184	1128	40	223	488	1454	100	288	889	1534
669	667	131	132	992	1001	195	198	688	1547
761	1	157	0	937	173	193	35	663	1548
436	882	87	168	697	1141	138	219	899	1548
708	177	149	33	1321	815	277	164	88	1553
1280	421	253	87	1493	635	296	130	788	1554
999	216	203	43	1359	667	277	138	598	1555
495	300	98	59	1105	607	224	122	447	1556
1076	1304	221	260	1355	1517	273	300	359	1557
249	822	54	160	974	1540	196	300	436	1558
1341	813	268	156	1496	963	300	187	435	1559
1	963	0	187	239	1197	52	238	436	1559
1	808	0	155	581	1347	123	268	565	1560
302	642	65	129	513	888	108	179	565	1561
208	118	44	22	1351	1268	284	258	28	1563
573	183	116	36	917	473	185	96	1247	1567
1225	1	234	0	1542	298	300	61	1097	1579
1	312	0	65	1145	1442	239	300	1098	1579
1145	1	239	0	1437	287	300	60	1098	1580
1	287	0	60	456	729	97	155	1099	1580
638	512	135	109	836	705	177	150	1105	1580
1219	779	246	157	1412	959	284	192	615	1581
874	695	175	148	1158	966	228	197	201	1592
970	670	191	133	1232	928	245	185	112	1595
622	706	125	141	822	912	163	181	965	1595
922	761	190	145	1090	953	226	186	463	1598
106	1	22	0	935	830	187	164	480	1603
10	382	1	77	499	793	100	157	1106	1619
78	1020	16	200	578	1535	114	300	657	1622
578	1	114	0	1311	332	256	65	657	1623
1	1193	0	222	394	1597	76	300	1315	1625
1310	871	253	174	1548	1153	300	227	460	1630
1	1153	0	227	331	1530	67	300	461	1630
336	7	68	1	980	704	194	135	461	1631
109	493	20	90	531	704	108	135	463	1631
316	233	63	47	917	741	183	149	228	1637
5	26	1	5	472	524	103	114	105	1641
394	103	79	23	791	498	164	107	800	1644
10	612	1	125	688	1112	140	225	1197	1656
639	1306	130	241	911	1591	185	299	1002	1659
158	1	30	0	599	207	118	42	539	1664
33	1220	4	244	301	1498	57	300	446	1671
301	1	57	0	435	133	81	23	446	1672
639	943	130	190	1052	1475	215	297	149	1680
366	253	74	56	515	405	106	89	757	1682
238	882	50	170	872	1500	185	299	28	1684
880	1	187	0	1401	507	293	100	28	1685
1	617	0	124	660	1298	126	253	29	1685
1026	493	204	98	1507	962	300	190	66	1686
1	962	0	190	322	1258	64	249	67	1686
152	1098	29	197	637	1579	126	294	794	1694
887	809	181	165	1137	1076	236	227	1265	1697
11	648	2	131	321	934	61	185	729	1699
1303	214	259	43	1479	426	296	87	25	1703
1	421	0	86	546	977	116	205	26	1703
89	981	20	194	686	1464	147	294	26	1705
693	134	147	26	999	386	210	75	968	1705
314	1156	68	229	577	1496	124	300	655	1707
429	1082	90	218	852	1481	176	298	654	1708
577	1	124	0	1346	939	280	188	655	1708
866	1	179	0	1263	398	260	80	654	1709
1076	927	205	181	1500	1346	293	268	488	1721
1	451	0	91	288	746	57	149	824	1723
41	1133	7	228	297	1468	62	300	936	1730
1106	1127	216	231	1297	1318	254	269	446	1732
1	671	0	137	276	945	56	194	475	1732
519	426	108	80	940	802	193	157	1265	1737
481	625	98	116	1059	1200	223	238	1300	1738
433	1107	90	237	566	1239	119	266	815	1739
942	441	191	86	1261	780	257	155	409	1741
127	15	25	2	801	643	165	132	410	1742
1244	905	253	184	1397	1217	286	250	562	1742
804	578	169	115	975	745	204	149	1310	1744
194	1320	38	261	400	1512	80	300	726	1745
1266	78	264	15	1404	228	293	47	1199	1745
400	1	80	0	913	606	184	121	726	1746
776	674	157	133	1131	993	229	196	1289	1747
835	454	169	92	1511	1126	300	222	1493	1748
256	807	53	170	619	1246	132	265	692	1749
1270	838	259	177	1463	1029	300	218	684	1752
1	1029	0	218	274	1394	55	292	685	1752
1303	1192	266	240	1481	1371	300	275	489	1770
257	1316	45	270	415	1480	74	300	812	1772
644	398	126	83	1195	856	246	180	1495	1774
297	249	54	49	671	488	126	93	1440	1776
1140	615	239	128	1423	919	300	193	829	1777
1	919	0	193	155	1074	34	227	830	1777
110	1	21	0	387	272	77	57	1472	1778
1001	915	199	185	1263	1174	255	240	397	1779
5	842	1	162	229	1065	43	204	775	1784
656	1076	139	210	1116	1551	227	300	170	1787
1116	1	227	0	1472	342	300	70	170	1788
1	342	0	70	376	705	76	144	171	1788
689	213	137	41	1102	617	223	125	435	1791
370	222	74	44	1050	1067	217	221	1295	1800
1	841	0	173	232	1071	46	222	1296	1800
447	151	88	30	729	443	148	93	1040	1801
1080	75	213	16	1368	399	273	85	697	1803
647	1	126	0	1189	272	238	56	897	1804
748	1064	144	217	910	1226	176	248	168	1808
906	741	189	147	1097	939	227	187	672	1809
14	524	3	111	512	787	114	165	563	1810
1254	1114	241	232	1538	1410	300	293	1027	1810
481	49	102	11	672	239	143	52	612	1817
1174	1175	224	231	1470	1476	287	296	993	1819
830	1059	164	208	1062	1285	214	257	950	1821
743	1075	147	215	1023	1366	205	275	75	1822
1346	30	269	5	1498	185	300	36	897	1823
441	180	87	36	793	527	163	111	1085	1825
756	1111	149	227	940	1272	189	262	1259	1825
1161	810	246	152	1406	1029	295	196	980	1834
223	1202	47	235	386	1363	80	268	571	1839
688	882	135	180	916	1107	180	226	896	1842
104	1084	20	213	606	1491	126	300	530	1848
483	1	103	0	1111	622	235	124	771	1848
1029	639	214	118	1272	853	264	162	1283	1853
524	1	101	0	796	319	154	61	1225	1854
672	1	143	0	1179	486	244	97	154	1858
469	470	97	90	703	727	148	146	801	1859
891	512	175	104	1452	973	290	199	237	1861
880	387	178	76	1494	1002	300	198	391	1862
1236	1058	250	214	1497	1319	300	264	482	1864
194	1371	38	260	400	1567	80	300	726	1867
400	1	80	0	858	444	172	89	726	1868
383	1	78	0	585	201	120	42	267	1870
1288	705	257	134	1480	962	298	188	132	1873
1	1155	0	230	197	1283	46	260	399	1874
1037	962	205	199	1481	1424	300	297	310	1875
14	1	3	0	498	527	112	117	311	1876
299	549	58	115	1150	1400	242	300	1299	1878
73	1076	16	231	536	1223	110	263	1301	1878
1150	1	242	0	1452	300	300	59	1299	1879
17	266	4	53	471	741	96	150	1300	1879
1	1169	0	233	156	1316	31	262	833	1881
992	182	190	39	1136	332	218	68	1284	1881
338	67	63	14	617	325	121	67	898	1882
293	163	57	33	414	285	83	59	899	1882
1	1211	0	229	444	1582	87	300	350	1886
1177	361	229	61	1440	672	280	121	1245	1886
444	1	87	0	697	233	139	47	350	1887
1370	1288	261	268	1535	1456	293	300	1227	1888
1	49	0	7	135	183	25	32	1228	1889
1	99	0	18	128	226	24	42	1031	1890
660	833	122	170	1341	1196	264	243	407	1892
24	1143	3	229	279	1402	57	284	548	1893
625	125	121	23	1109	515	221	104	897	1893
581	808	116	158	1241	1539	241	299	929	1896
149	229	30	43	665	909	131	176	929	1896
1177	113	233	24	1497	439	300	91	1217	1899
193	1	39	0	422	187	85	39	965	1901
235	369	48	66	522	673	109	131	596	1903
544	750	106	152	805	977	161	200	604	1910
15	107	2	22	663	539	139	112	975	1911
597	718	111	147	994	1152	185	228	1246	1914
1349	1139	270	228	1484	1265	300	256	153	1915
34	325	5	63	267	561	51	110	1268	1915
473	745	89	147	802	1074	160	217	107	1916
1149	699	223	140	1474	1033	294	213	709	1920
15	461	3	88	1062	1516	214	300	50	1922
453	503	91	98	881	987	184	197	53	1922
1062	1	214	0	1461	394	300	85	50	1923
1	394	0	85	961	1447	195	300	51	1923
961	1	195	0	1517	559	300	106	51	1924
1	559	0	106	940	1509	193	300	52	1924
266	334	57	69	667	990	138	195	50	1925
940	1	193	0	1272	328	261	67	52	1925
1230	830	239	160	1540	1133	300	220	580	1928
547	1255	108	249	696	1402	139	279	434	1935
617	722	115	143	761	886	141	173	916	1949
1	659	0	138	279	909	55	187	908	1950
1007	219	202	41	1221	441	249	90	479	1954
1117	222	215	42	1343	441	264	90	1315	1954
1068	341	201	68	1252	516	239	105	831	1960
930	1191	184	241	1192	1467	241	300	356	1961
1192	1	241	0	1482	233	300	48	356	1962
1	233	0	48	128	360	26	74	357	1962
1	301	0	63	329	625	68	130	558	1965
619	762	121	146	1129	1253	222	242	150	1968
156	1147	34	230	413	1426	88	288	771	1970
1	768	0	158	309	1115	62	227	620	1975
238	601	49	120	877	857	183	174	596	1976
10	521	2	100	1083	1568	208	300	94	1979
1189	1178	249	234	1350	1305	284	261	97	1980
340	1	72	0	620	269	128	52	98	1981
487	219	100	39	704	431	143	81	246	1986
348	362	74	70	785	815	165	165	602	1989
279	1135	50	230	553	1450	103	290	916	1989
62	914	14	166	525	1552	102	290	1491	1990
721	1	152	0	1321	631	277	130	88	1992
935	1144	187	233	1244	1471	250	300	220	1992
1204	1101	248	216	1452	1359	300	270	1308	1996
750	1197	147	243	981	1471	195	300	1434	1999
798	243	152	49	1025	465	201	96	882	2009
191	895	38	177	734	1538	143	300	929	2015
734	1	143	0	1524	994	299	200	929	2016
1	1009	0	203	516	1460	110	299	930	2016
1368	585	271	119	1520	735	300	147	322	2020
126	1201	28	225	479	1578	97	299	734	2023
484	1	98	0	1206	695	236	132	734	2024
48	1365	8	262	212	1542	42	298	735	2024
166	540	34	112	529	917	108	187	1229	2026
1123	1002	229	187	1394	1270	286	244	481	2032
1168	1335	231	266	1320	1509	261	300	412	2035
1320	1	261	0	1481	196	292	37	412	2036
303	1216	59	233	647	1560	126	300	713	2040
663	1	144	0	781	120	169	25	735	2040
647	1	126	0	1470	807	300	169	713	2041
1	807	0	169	570	1433	117	298	714	2041
574	1	118	0	1474	907	300	183	714	2042
1	907	0	183	443	1343	91	274	715	2042
500	986	90	197	881	1407	166	281	1278	2043
212	631	38	123	716	874	138	172	236	2045
